#Potential Energy(rate, value)
 Backbone-Backbone         1.000	0.000
 Backbone-Sidechain        1.000	0.000
Sidechain-Sidechain        1.000	0.000

#1 Backbone - Backbone
HB     OZB    1.72  1.80  1.00  2.20 -0.60  2.40 -1.20
HB     CRB    2.80  2.90  1.00  3.27 -0.40  3.42 -0.40  3.75 -10.00  4.00  10.80
NZB    OZB    2.69  2.76  1.00  3.13 -0.40  3.30 -0.40  3.50 -10.00  4.00  10.80
#2 Sidechain sp2 CO(ASP, GLU) - Backbone NH
HB     OC     1.65  1.76  0.60  2.22 -0.60  2.50 -1.00
HB     CRN    2.44  2.56  1.00  3.24 -0.40  3.52 -0.40  4.25 -10.00  5.00  10.80
NZB    OC     2.65  2.75  1.00  3.14 -0.40  3.35 -0.40  4.00 -10.00  5.00  10.80
#3 Sidechain sp3 CO(SER, THR, TYR) - Backbone NH
HB     OZH    1.74  1.82  0.60  2.53 -0.60  3.00 -1.60
HB     CA1P   2.68  2.82  1.00  3.40 -0.50  3.59 -0.50  4.50 -10.00  5.00  11.00
HB     CA2P   2.68  2.82  1.00  3.40 -0.50  3.59 -0.50  4.50 -10.00  5.00  11.00
HB     CR     2.68  2.82  1.00  3.40 -0.50  3.59 -0.50  4.50 -10.00  5.00  12.00
NZB    OZH    2.68  2.77  1.00  3.35 -0.50  3.55 -0.50  4.00 -10.00  5.00  11.00
#4 Sidechain CN(HIS) - Backbone NH
HB     NR     1.76  2.20 -0.60  2.50 -0.80
HB     CM1    2.75  2.87  0.60  3.28 -0.60  3.80             -10.00  4.00  10.60
HB     CM1P   2.75  2.87  0.60  3.28 -0.60  3.80             -10.00  4.00  10.60
HB     CRNP   2.75  2.87  0.60  3.28 -0.60  3.80             -10.00  4.00  10.60
NZB    NR     2.65              3.10 -0.60  3.50             -10.00  4.00  10.60
#5 Sidechain NH/OH - Backbone CO
H      OZB    1.68  1.75  0.60  2.50 -0.60  3.00 -1.15
H      CRB    2.63  2.74  1.00  3.37 -0.40  3.67 -0.40  4.25 -10.00  5.00  10.80
NCK    OZB    2.56  2.63  1.00  3.27 -0.40  3.54 -0.40  4.00 -10.00  5.00  11.60
NCR    OZB    2.56  2.63  1.00  3.27 -0.40  3.54 -0.40  4.00 -10.00  5.00  11.60
NZNQ   OZB    2.56  2.63  1.00  3.27 -0.40  3.54 -0.40  4.00 -10.00  5.00  10.80
NZ     OZB    2.56  2.63  1.00  3.27 -0.40  3.54 -0.40  4.00 -10.00  5.00  11.80
OZH    OZB    2.56  2.63  1.00  3.27 -0.40  3.54 -0.40  4.00 -10.00  5.00  11.80
#6 Sidechain sp2 CO(ASP, GLU) - Sidechain NH/OH
H      OC     1.68  1.75  0.60  2.38 -0.60  3.00 -1.00
H      CRN    2.40  2.52  1.00  3.42 -0.40  3.74 -0.40  4.25 -10.00  5.00  10.80
NCK    OC     2.56  2.65  1.00  3.19 -0.40  3.48 -0.40  4.00 -10.00  5.00  10.60
NCR    OC     2.56  2.65  1.00  3.19 -0.40  3.48 -0.40  4.00 -10.00  5.00  10.30
NZNQ   OC     2.56  2.65  1.00  3.19 -0.40  3.48 -0.40  4.00 -10.00  5.00  10.80
NZ     OC     2.54  2.65  1.00  3.19 -0.40  3.48 -0.40  4.00 -10.00  5.00  11.80
OZH    OC     2.56  2.65  1.00  3.19 -0.40  3.48 -0.40  4.00 -10.00  5.00  10.80
#7 Sidechain sp3 CO(SER, THR, TYR) - Sidechain NH/OH
H      OZH    1.67  1.73  0.60  2.35 -0.40  2.75 -0.40  3.00 -0.80
H      CA1P   2.54  2.65  1.00  3.71 -0.40  4.00 -0.40  4.50 -10.00  5.00  10.80
H      CA2P   2.54  2.65  1.00  3.71 -0.40  4.00 -0.40  4.50 -10.00  5.00  10.80
H      CR     2.54  2.65  1.00  3.71 -0.40  4.00 -0.40  4.50 -10.00  5.00  11.80
NCK    OZH    2.55  2.63  1.00  3.27 -0.40  3.54 -0.40  4.00 -10.00  5.00  10.80
NCR    OZH    2.55  2.63  1.00  3.27 -0.40  3.54 -0.40  4.00 -10.00  5.00  10.80
NZNQ   OZH    2.55  2.63  1.00  3.27 -0.40  3.54 -0.40  4.00 -10.00  5.00  10.80
NZ     OZH    2.55  2.63  1.00  3.27 -0.40  3.54 -0.40  4.00 -10.00  5.00  11.80
OZH    OZH    2.55  2.63  1.00  3.27 -0.40  3.54 -0.40  4.00 -10.00  5.00  10.80
#8 Sidechain CN(HIS) - Sidechain NH/OH
H      NR     1.76  2.20 -0.60  2.50 -0.60
H      CM1    2.75  2.87  0.60  3.28 -0.60  3.80 -10.0  4.00  10.60
H      CM1P   2.75  2.87  0.60  3.00 -0.60  3.80 -10.0  4.00  10.60
H      CRNP   2.75  2.87  0.60  3.00 -0.60  3.80 -10.0  4.00  10.60
NCK    NR     2.65  3.10 -0.60              3.50 -10.0  4.00  10.60
NCR    NR     2.65  3.10 -0.60              3.50 -10.0  4.00  10.60
NZNQ   NR     2.65  3.10 -0.60              3.50 -10.0  4.00  10.60
NZ     NR     2.65  3.10 -0.60              3.50 -10.0  4.00  11.60
OZH    NR     2.64  3.10 -0.60              3.50 -10.0  4.00  10.60
#9 Disulfide bond SG(CYS) - SG(CYS)
SG     SG     1.96  2.08 -5.026667  2.33 -0.006667  2.66 -0.006667  2.99 -10.006667
SG     CA2    2.95  3.06 -0.026667  4.80  0.000000
#10 Sulfide SG(CYS) - Backbone NH
HB     SG     2.00  2.20  1.00  2.30  1.00  2.70 -0.60  3.00 -1.20
HB     CA2    3.00  3.25  1.00  3.65 -0.40  4.00 -0.30  4.36 -0.30  4.80 -10.00  5.00  11.00
NZB    SG     3.00  3.30  1.00  3.55 -0.50  3.70 -0.50              4.00 -10.00  5.00  11.00
#11 Sizechain CO(ASN, GLN) - Sidechain NH/OH
H      OZ     1.76  2.20 -0.60  2.50 -0.60
H      CRN    2.40  2.52  1.00  3.42 -0.40  3.74 -0.40  4.25 -10.00  5.00  10.80
NCK    OZ     2.64  3.10 -0.60              3.50 -10.0  4.00  10.60
NCR    OZ     2.64  3.10 -0.60              3.50 -10.0  4.00  10.60
NZNQ   OZ     2.64  3.10 -0.60              3.50 -10.0  4.00  10.60
NZ     OZ     2.64  3.10 -0.60              3.50 -10.0  4.00  10.60
OZH    OZ     2.64  3.10 -0.60              3.50 -10.0  4.00  10.60
