50.00   0.5514  4
100.00   0.6776  8
150.00   0.6776  8
200.00   0.5813  5
250.00   0.7492 10
300.00   0.7492 10
350.00   0.7869 11
400.00   0.8267 12
450.00   0.7492 10
500.00   0.7869 11
550.00   0.7134  9
600.00   0.7492 10
650.00   0.7869 11
700.00   0.7134  9
750.00   0.5514  4
800.00   0.7134  9
850.00   0.6776  8
900.00   0.7869 11
950.00   0.7869 11
1000.00   0.7134  9
1050.00   0.8267 12
1100.00   0.7134  9
1150.00   0.6776  8
1200.00   0.7134  9
1250.00   0.7134  9
1300.00   0.6776  8
1350.00   0.7492 10
1400.00   0.7869 11
1450.00   0.7869 11
1500.00   0.7492 10
1550.00   0.6776  8
1600.00   0.7492 10
1650.00   0.8267 12
1700.00   0.6448  7
1750.00   0.6448  7
1800.00   0.6776  8
1850.00   0.6448  7
1900.00   0.6448  7
1950.00   0.6776  8
2000.00   0.5813  5
2050.00   0.7134  9
2100.00   0.5813  5
2150.00   0.6776  8
2200.00   0.7492 10
2250.00   0.6776  8
2300.00   0.6448  7
2350.00   0.6776  8
2400.00   0.7492 10
2450.00   0.6121  6
2500.00   0.7134  9
2550.00   0.6121  6
2600.00   0.6121  6
2650.00   0.6448  7
2700.00   0.6448  7
2750.00   0.7134  9
2800.00   0.7492 10
2850.00   0.6448  7
2900.00   0.6448  7
2950.00   0.6121  6
3000.00   0.7869 11
3050.00   0.7134  9
3100.01   0.7492 10
3150.00   0.7492 10
3200.00   0.7134  9
3250.00   0.7134  9
3300.00   0.6121  6
3350.00   0.6776  8
3400.00   0.7134  9
3450.00   0.7134  9
3500.00   0.6448  7
3550.00   0.6121  6
3600.00   0.5514  4
3650.00   0.6776  8
3700.00   0.7492 10
3750.00   0.6776  8
3800.00   0.6448  7
3850.00   0.5514  4
3900.00   0.6121  6
3950.00   0.7492 10
4000.00   0.6121  6
4050.01   0.7492 10
4100.00   0.7134  9
4150.00   0.6776  8
4200.00   0.7492 10
4250.00   0.8267 12
4300.00   0.8267 12
4350.00   0.7869 11
4400.00   0.8267 12
4450.00   0.7492 10
4500.00   0.8267 12
4550.00   0.8267 12
4600.00   0.6448  7
4650.00   0.8267 12
4700.00   0.6448  7
4750.00   0.7134  9
4800.00   0.7869 11
4850.00   0.7492 10
4900.00   0.8267 12
4950.00   0.7492 10
5000.00   0.7492 10
5050.00   0.7492 10
5100.01   0.7492 10
5150.00   0.7492 10
5200.00   0.7869 11
5250.00   0.7492 10
5300.00   0.6448  7
5350.00   0.8267 12
5400.00   0.8267 12
5450.00   0.8267 12
5500.01   0.7869 11
5550.00   0.6776  8
5600.00   0.7869 11
5650.01   0.6448  7
5700.00   0.7134  9
5750.00   0.7869 11
5800.00   0.8267 12
5850.00   0.7134  9
5900.00   0.7869 11
5950.00   0.6448  7
6000.00   0.8267 12
6050.00   0.7492 10
6100.00   0.7492 10
6150.00   0.8267 12
6200.00   0.7134  9
6250.00   0.7869 11
6300.00   0.8267 12
6350.00   0.7869 11
6400.00   0.8267 12
6450.00   0.7869 11
6500.00   0.7492 10
6550.00   0.6448  7
6600.00   0.7492 10
6650.00   0.7134  9
6700.00   0.7134  9
6750.00   0.7869 11
6800.00   0.7134  9
6850.00   0.7492 10
6900.00   0.7492 10
6950.00   0.8267 12
7000.00   0.6776  8
7050.00   0.7492 10
7100.00   0.7869 11
7150.00   0.8267 12
7200.00   0.6776  8
7250.00   0.7869 11
7300.00   0.7492 10
7350.00   0.7869 11
7400.00   0.8267 12
7450.00   0.6776  8
7500.00   0.7869 11
7550.00   0.7869 11
7600.00   0.7492 10
7650.01   0.7869 11
7700.00   0.7134  9
7750.00   0.8267 12
7800.00   0.8267 12
7850.00   0.8267 12
7900.00   0.7492 10
7950.00   0.7869 11
8000.00   0.6448  7
8050.00   0.7134  9
8100.00   0.6448  7
8150.00   0.7869 11
8200.00   0.7869 11
8250.00   0.8267 12
8300.00   0.8267 12
8350.00   0.7134  9
8400.00   0.7134  9
8450.00   0.7134  9
8500.00   0.7492 10
8550.00   0.7134  9
8600.01   0.7869 11
8650.00   0.7869 11
8700.00   0.7492 10
8750.00   0.6776  8
8800.00   0.7492 10
8850.00   0.7869 11
8900.00   0.7492 10
8950.00   0.7869 11
9000.00   0.7492 10
9050.00   0.8267 12
9100.00   0.7134  9
9150.00   0.8267 12
9200.00   0.7869 11
9250.00   0.6776  8
9300.00   0.7134  9
9350.00   0.7869 11
9400.00   0.7134  9
9450.00   0.7134  9
9500.00   0.7134  9
9550.01   0.7492 10
9600.00   0.7134  9
9650.00   0.7492 10
9700.00   0.7869 11
9750.00   0.7492 10
9800.00   0.7869 11
9850.00   0.7134  9
9900.00   0.8267 12
9950.00   0.8267 12
10000.00   0.7492 10
10050.00   0.7134  9
10100.00   0.7134  9
10150.00   0.7869 11
10200.00   0.7492 10
10250.00   0.6776  8
10300.00   0.8267 12
10350.00   0.7492 10
10400.00   0.7869 11
10450.00   0.7492 10
10500.00   0.6776  8
10550.00   0.7869 11
10600.00   0.7869 11
10650.00   0.8267 12
10700.00   0.7492 10
10750.00   0.7869 11
10800.00   0.7869 11
10850.00   0.8267 12
10900.00   0.7869 11
10950.00   0.8267 12
11000.00   0.7869 11
11050.00   0.8267 12
11100.00   0.7492 10
11150.00   0.7492 10
11200.00   0.8267 12
11250.00   0.7869 11
11300.00   0.7869 11
11350.00   0.7492 10
11400.00   0.8267 12
11450.00   0.7134  9
11500.00   0.8267 12
11550.00   0.8267 12
11600.00   0.8267 12
11650.00   0.7869 11
11700.00   0.7492 10
11750.00   0.7492 10
11800.00   0.7492 10
11850.00   0.7492 10
11900.00   0.7492 10
11950.00   0.6776  8
12000.00   0.7492 10
12050.00   0.7134  9
12100.00   0.6776  8
12150.00   0.7492 10
12200.00   0.7869 11
12250.00   0.7869 11
12300.00   0.6776  8
12350.00   0.7492 10
12400.00   0.8267 12
12450.00   0.7492 10
12500.00   0.7134  9
12550.00   0.7492 10
12600.00   0.7134  9
12650.00   0.8267 12
12700.00   0.7869 11
12750.00   0.8267 12
12800.00   0.7134  9
12850.00   0.7869 11
12900.00   0.7492 10
12950.00   0.7869 11
13000.00   0.7492 10
13050.00   0.7869 11
13100.00   0.8267 12
13150.00   0.7869 11
13200.00   0.7134  9
13250.00   0.7869 11
13300.00   0.6776  8
13350.00   0.8267 12
13400.00   0.7492 10
13450.00   0.7869 11
13500.00   0.7492 10
13550.00   0.7492 10
13600.00   0.6776  8
13650.00   0.7134  9
13700.00   0.7869 11
13750.00   0.8267 12
13800.00   0.7134  9
13850.00   0.7492 10
13900.00   0.8267 12
13950.00   0.6448  7
14000.00   0.7869 11
14050.00   0.8267 12
14100.00   0.8267 12
14150.00   0.7492 10
14200.00   0.8267 12
14250.00   0.7492 10
14300.00   0.8267 12
14350.00   0.7869 11
14400.00   0.7869 11
14450.00   0.7492 10
14500.00   0.8267 12
14550.00   0.7134  9
14600.00   0.7492 10
14650.00   0.7869 11
14700.00   0.7134  9
14750.00   0.7492 10
14800.00   0.7869 11
14850.00   0.7134  9
14900.00   0.7869 11
14950.00   0.7492 10
15000.00   0.7134  9
15050.00   0.7869 11
15100.00   0.7869 11
15150.00   0.6776  8
15200.00   0.8267 12
15250.00   0.7492 10
15300.00   0.7869 11
15350.00   0.7492 10
15400.00   0.7869 11
15450.00   0.8267 12
15500.00   0.6776  8
15550.00   0.8267 12
15600.00   0.7492 10
15650.00   0.8267 12
15700.00   0.8267 12
15750.00   0.8267 12
15800.00   0.8267 12
15850.00   0.7869 11
15900.00   0.7492 10
15950.00   0.7492 10
16000.00   0.8267 12
16050.00   0.8267 12
16100.00   0.7869 11
16150.00   0.8267 12
16200.00   0.8267 12
16250.00   0.8267 12
16300.00   0.7869 11
16350.00   0.7869 11
16400.00   0.7134  9
16450.00   0.8267 12
16500.00   0.7492 10
16550.00   0.7492 10
16600.00   0.6121  6
16650.00   0.7492 10
16700.00   0.7492 10
16750.00   0.7869 11
16800.00   0.7134  9
16850.00   0.7869 11
16900.00   0.7492 10
16950.00   0.7869 11
17000.00   0.7869 11
17050.00   0.6776  8
17100.00   0.7134  9
17150.00   0.6448  7
17200.01   0.5813  5
17250.00   0.6448  7
17300.00   0.7492 10
17350.00   0.6776  8
17400.00   0.7134  9
17450.00   0.6448  7
17500.00   0.7492 10
17550.00   0.7869 11
17600.00   0.6776  8
17650.00   0.6448  7
17700.00   0.7134  9
17750.00   0.6448  7
17800.00   0.7869 11
17850.00   0.6776  8
17900.00   0.6776  8
17950.00   0.7492 10
18000.00   0.7134  9
18050.00   0.8267 12
18100.00   0.7134  9
18150.00   0.7492 10
18200.00   0.7869 11
18250.00   0.7492 10
18300.00   0.7492 10
18350.00   0.7134  9
18400.00   0.7869 11
18450.00   0.7492 10
18500.00   0.6776  8
18550.00   0.7869 11
18600.00   0.8267 12
18650.00   0.7869 11
18700.00   0.6776  8
18750.00   0.7492 10
18800.00   0.7869 11
18850.00   0.7492 10
18900.00   0.7134  9
18950.00   0.7492 10
19000.00   0.6776  8
19050.00   0.7492 10
19100.00   0.7492 10
19150.00   0.8267 12
19200.00   0.7134  9
19250.00   0.7134  9
19300.00   0.7492 10
19350.00   0.6776  8
19400.00   0.7134  9
19450.00   0.6776  8
19500.00   0.7869 11
19550.00   0.6448  7
19600.00   0.6448  7
19650.00   0.6776  8
19700.00   0.6776  8
19750.00   0.6448  7
19800.00   0.5813  5
19850.00   0.6776  8
19900.00   0.7134  9
19950.00   0.7492 10
20000.00   0.7869 11
20050.00   0.6776  8
20100.00   0.7869 11
20150.00   0.7492 10
20200.00   0.7134  9
20250.00   0.7492 10
20300.00   0.7134  9
20350.00   0.7134  9
20400.00   0.7134  9
20450.00   0.7869 11
20500.00   0.6776  8
20550.00   0.7492 10
20600.00   0.6776  8
20650.00   0.7134  9
20700.00   0.7134  9
20750.00   0.7869 11
20800.00   0.7869 11
20850.00   0.7134  9
20900.00   0.8267 12
20950.00   0.7134  9
21000.00   0.7492 10
21050.00   0.7492 10
21100.00   0.6776  8
21150.00   0.8267 12
21200.00   0.7492 10
21250.00   0.6448  7
21300.00   0.7869 11
21350.00   0.7492 10
21400.00   0.7134  9
21450.00   0.8267 12
21500.00   0.8267 12
21550.00   0.7869 11
21600.00   0.7869 11
21650.00   0.7869 11
21700.00   0.7134  9
21750.00   0.7492 10
21800.00   0.7492 10
21850.00   0.7492 10
21900.00   0.7134  9
21950.00   0.7869 11
22000.00   0.7492 10
22050.00   0.7869 11
22100.00   0.8267 12
22150.00   0.8267 12
22200.00   0.7134  9
22250.00   0.7869 11
22300.00   0.8267 12
22350.00   0.7492 10
22400.00   0.7492 10
22450.00   0.7492 10
22500.00   0.7869 11
22550.00   0.7869 11
22600.00   0.7869 11
22650.00   0.7492 10
22700.00   0.7869 11
22750.00   0.7869 11
22800.00   0.7492 10
22850.00   0.6776  8
22900.00   0.8267 12
22950.00   0.6776  8
23000.00   0.7134  9
23050.00   0.7492 10
23100.00   0.7492 10
23150.00   0.7869 11
23200.00   0.7492 10
23250.00   0.7492 10
23300.00   0.7492 10
23350.00   0.7869 11
23400.00   0.8267 12
23450.00   0.7492 10
23500.00   0.8267 12
23550.00   0.7134  9
23600.00   0.7492 10
23650.00   0.8267 12
23700.00   0.7492 10
23750.00   0.7869 11
23800.00   0.7134  9
23850.00   0.7869 11
23900.00   0.7492 10
23950.00   0.8267 12
24000.00   0.7134  9
24050.00   0.7492 10
24100.00   0.7869 11
24150.00   0.7492 10
24200.00   0.8267 12
24250.00   0.7869 11
24300.00   0.8267 12
24350.00   0.7492 10
24400.00   0.8267 12
24450.00   0.6776  8
24500.01   0.8267 12
24550.00   0.7134  9
24600.00   0.7134  9
24650.00   0.7869 11
24700.00   0.7492 10
24750.00   0.7869 11
24800.00   0.8267 12
24850.00   0.8267 12
24900.00   0.8267 12
24950.00   0.7492 10
25000.00   0.8267 12
25050.00   0.7492 10
25100.00   0.8267 12
25150.00   0.7869 11
25200.00   0.8267 12
25250.00   0.7492 10
25300.00   0.8267 12
25350.00   0.7869 11
25400.00   0.8267 12
25450.00   0.7492 10
25500.00   0.7134  9
25550.00   0.7492 10
25600.00   0.8267 12
25650.00   0.7492 10
25700.00   0.7492 10
25750.00   0.6776  8
25800.00   0.7134  9
25850.00   0.7869 11
25900.00   0.7134  9
25950.00   0.7492 10
26000.00   0.8267 12
26050.01   0.7492 10
26100.00   0.7134  9
26150.00   0.8267 12
26200.00   0.8267 12
26250.00   0.7492 10
26300.00   0.7869 11
26350.00   0.7134  9
26400.00   0.7492 10
26450.00   0.7869 11
26500.00   0.7492 10
26550.00   0.7492 10
26600.00   0.7492 10
26650.00   0.6121  6
26700.00   0.7869 11
26750.00   0.8267 12
26800.00   0.7134  9
26850.00   0.7134  9
26900.00   0.8267 12
26950.00   0.6448  7
27000.00   0.7869 11
27050.00   0.7869 11
27100.00   0.8267 12
27150.00   0.8267 12
27200.00   0.7134  9
27250.00   0.7134  9
27300.00   0.7492 10
27350.00   0.8267 12
27400.00   0.7869 11
27450.00   0.7869 11
27500.00   0.7869 11
27550.00   0.7134  9
27600.00   0.7134  9
27650.00   0.8267 12
27700.00   0.8267 12
27750.00   0.8267 12
27800.00   0.7134  9
27850.00   0.7134  9
27900.00   0.7134  9
27950.00   0.7134  9
28000.00   0.7134  9
28050.00   0.7869 11
28100.00   0.8267 12
28150.00   0.8267 12
28200.00   0.7869 11
28250.00   0.8267 12
28300.00   0.7134  9
28350.00   0.8267 12
28400.00   0.7134  9
28450.00   0.7492 10
28500.00   0.7492 10
28550.00   0.7134  9
28600.00   0.7492 10
28650.00   0.7869 11
28700.00   0.7492 10
28750.00   0.6448  7
28800.00   0.7492 10
28850.00   0.8267 12
28900.00   0.7134  9
28950.00   0.8267 12
29000.00   0.6448  7
29050.00   0.8267 12
29100.00   0.6776  8
29150.00   0.7134  9
29200.00   0.8267 12
29250.00   0.7134  9
29300.00   0.7492 10
29350.00   0.7492 10
29400.00   0.7492 10
29450.00   0.7492 10
29500.00   0.7869 11
29550.00   0.7869 11
29600.00   0.7134  9
29650.00   0.7134  9
29700.00   0.7492 10
29750.00   0.8267 12
29800.00   0.7134  9
29850.00   0.8267 12
29900.00   0.8267 12
29950.00   0.7869 11
30000.00   0.8267 12
30050.00   0.7869 11
30100.00   0.7869 11
30150.00   0.8267 12
30200.00   0.8267 12
30250.00   0.7869 11
30300.00   0.7134  9
30350.00   0.7492 10
30400.00   0.7869 11
30450.00   0.8267 12
30500.00   0.7134  9
30550.00   0.6776  8
30600.00   0.7869 11
30650.00   0.7869 11
30700.00   0.8267 12
30750.00   0.7492 10
30800.00   0.8267 12
30850.00   0.8267 12
30900.00   0.7869 11
30950.00   0.8267 12
31000.00   0.8267 12
31050.00   0.7869 11
31100.00   0.6776  8
31150.00   0.7492 10
31200.00   0.7492 10
31250.00   0.7134  9
31300.00   0.7492 10
31350.00   0.8267 12
31400.00   0.8267 12
31450.00   0.7134  9
31500.00   0.7869 11
31550.00   0.7134  9
31600.00   0.7492 10
31650.00   0.7492 10
31700.00   0.7869 11
31750.00   0.7134  9
31800.00   0.7492 10
31850.00   0.8267 12
31900.00   0.8267 12
31950.00   0.7492 10
32000.00   0.7134  9
32050.00   0.8267 12
32100.00   0.7134  9
32150.00   0.7869 11
32200.00   0.7869 11
32250.00   0.7492 10
32300.00   0.7134  9
32350.00   0.7492 10
32400.00   0.7869 11
32450.00   0.8267 12
32500.00   0.8267 12
32550.00   0.7134  9
32600.00   0.8267 12
32650.00   0.7869 11
32700.00   0.7134  9
32750.00   0.7492 10
32800.01   0.7869 11
32850.00   0.7134  9
32900.00   0.8267 12
32950.00   0.7869 11
33000.00   0.7134  9
33050.00   0.8267 12
33100.00   0.7492 10
33150.00   0.7134  9
33200.00   0.6776  8
33250.00   0.7869 11
33300.00   0.7869 11
33350.00   0.8267 12
33400.00   0.8267 12
33450.00   0.7492 10
33500.00   0.7869 11
33550.00   0.8267 12
33600.00   0.7869 11
33650.00   0.7492 10
33700.00   0.7492 10
33750.00   0.7869 11
33800.00   0.7492 10
33850.00   0.8267 12
33900.00   0.7134  9
33950.00   0.7134  9
34000.00   0.7134  9
34050.00   0.7134  9
34100.00   0.7134  9
34150.00   0.7134  9
34200.00   0.8267 12
34250.00   0.8267 12
34300.00   0.7869 11
34350.00   0.8267 12
34400.00   0.8267 12
34450.00   0.6776  8
34500.00   0.7134  9
34550.00   0.7134  9
34600.00   0.7134  9
34650.00   0.7492 10
34700.00   0.8267 12
34750.00   0.7134  9
34800.00   0.8267 12
34850.00   0.8267 12
34900.00   0.7492 10
34950.00   0.7492 10
35000.00   0.7869 11
35050.00   0.7869 11
35100.00   0.7492 10
35150.00   0.7869 11
35200.00   0.7492 10
35250.00   0.8267 12
35300.00   0.7134  9
35350.00   0.7869 11
35400.00   0.7869 11
35450.00   0.7134  9
35500.00   0.7492 10
35550.00   0.7492 10
35600.00   0.7492 10
35650.00   0.7492 10
35700.00   0.8267 12
35750.00   0.8267 12
35800.00   0.7869 11
35850.00   0.7134  9
35900.00   0.7492 10
35950.00   0.7869 11
36000.00   0.7869 11
36050.00   0.7134  9
36100.00   0.8267 12
36150.00   0.7134  9
36200.00   0.7492 10
36250.00   0.7869 11
36300.00   0.8267 12
36350.00   0.8267 12
36400.00   0.7134  9
36450.00   0.7492 10
36500.00   0.7134  9
36550.00   0.7492 10
36600.00   0.7492 10
36650.00   0.7134  9
36700.00   0.7869 11
36750.00   0.7869 11
36800.00   0.8267 12
36850.00   0.7134  9
36900.00   0.7869 11
36950.00   0.8267 12
37000.00   0.7492 10
37050.00   0.7869 11
37100.00   0.7492 10
37150.00   0.7134  9
37200.00   0.7869 11
37250.00   0.7492 10
37300.00   0.7134  9
37350.00   0.7134  9
37400.00   0.7134  9
37450.00   0.7492 10
37500.00   0.8267 12
37550.00   0.8267 12
37600.00   0.7869 11
37650.00   0.7869 11
37700.00   0.8267 12
37750.00   0.8267 12
37800.00   0.7134  9
37850.00   0.7869 11
37900.00   0.8267 12
37950.00   0.7869 11
38000.00   0.7134  9
38050.00   0.7869 11
38100.00   0.7492 10
38150.00   0.8267 12
38200.00   0.7492 10
38250.00   0.8267 12
38300.00   0.7869 11
38350.00   0.7869 11
38400.00   0.7492 10
38450.00   0.6776  8
38500.00   0.8267 12
38550.00   0.7492 10
38600.00   0.7492 10
38650.00   0.7492 10
38700.00   0.7134  9
38750.00   0.7869 11
38800.00   0.7134  9
38850.00   0.8267 12
38900.00   0.7869 11
38950.00   0.7492 10
39000.00   0.7492 10
39050.00   0.7492 10
39100.00   0.8267 12
39150.00   0.6776  8
39200.00   0.8267 12
39250.00   0.7869 11
39300.00   0.8267 12
39350.00   0.7134  9
39400.00   0.7869 11
39450.00   0.7134  9
39500.00   0.8267 12
39550.00   0.7492 10
39600.00   0.8267 12
39650.00   0.7869 11
39700.00   0.7869 11
39750.00   0.7492 10
39800.00   0.7134  9
39850.00   0.8267 12
39900.00   0.7869 11
39950.00   0.7492 10
40000.00   0.6776  8
40050.00   0.7869 11
40100.00   0.8267 12
40150.00   0.7134  9
40200.00   0.7869 11
40250.00   0.7869 11
40300.00   0.7134  9
40350.00   0.7869 11
40400.00   0.7492 10
40450.00   0.7869 11
40500.00   0.8267 12
40550.00   0.7492 10
40600.00   0.7134  9
40650.00   0.8267 12
40700.00   0.8267 12
40750.00   0.6776  8
40800.00   0.6448  7
40850.00   0.8267 12
40900.00   0.7869 11
40950.00   0.7492 10
41000.00   0.7492 10
41050.00   0.7869 11
41100.00   0.7869 11
41150.00   0.6776  8
41200.00   0.7869 11
41250.00   0.8267 12
41300.00   0.6776  8
41350.00   0.6776  8
41400.00   0.7492 10
41450.00   0.7869 11
41500.00   0.6776  8
41550.00   0.7869 11
41600.00   0.7134  9
41650.00   0.7869 11
41700.01   0.7492 10
41750.00   0.7492 10
41800.00   0.7134  9
41850.00   0.7492 10
41900.00   0.6776  8
41950.00   0.8267 12
42000.00   0.8267 12
42050.00   0.7134  9
42100.00   0.7134  9
42150.00   0.8267 12
42200.00   0.8267 12
42250.00   0.8267 12
42300.00   0.7492 10
42350.00   0.7134  9
42400.00   0.7869 11
42450.00   0.8267 12
42500.00   0.7134  9
42550.00   0.7869 11
42600.00   0.8267 12
42650.00   0.7869 11
42700.00   0.7869 11
42750.00   0.7869 11
42800.00   0.7869 11
42850.00   0.6121  6
42900.00   0.7492 10
42950.00   0.7134  9
43000.00   0.7492 10
43050.00   0.6776  8
43100.00   0.6448  7
43150.00   0.7134  9
43200.00   0.7134  9
43250.00   0.8267 12
43300.00   0.7134  9
43350.00   0.8267 12
43400.00   0.6776  8
43450.00   0.6448  7
43500.00   0.8267 12
43550.00   0.8267 12
43600.00   0.7134  9
43650.00   0.6776  8
43700.00   0.7134  9
43750.00   0.7134  9
43800.00   0.7134  9
43850.00   0.6448  7
43900.00   0.7492 10
43950.00   0.6776  8
44000.00   0.6776  8
44050.00   0.7492 10
44100.00   0.7492 10
44150.00   0.7134  9
44200.00   0.7134  9
44250.00   0.6448  7
44300.00   0.7134  9
44350.00   0.7869 11
44400.00   0.6776  8
44450.00   0.7134  9
44500.00   0.7134  9
44550.00   0.7492 10
44600.00   0.7492 10
44650.00   0.6448  7
44700.00   0.6448  7
44750.00   0.6776  8
44800.00   0.7869 11
44850.00   0.7134  9
44900.00   0.8267 12
44950.00   0.8267 12
45000.00   0.8267 12
45050.00   0.7134  9
45100.00   0.7492 10
45150.00   0.6776  8
45200.00   0.7134  9
45250.00   0.7134  9
45300.00   0.7869 11
45350.01   0.6776  8
45400.00   0.7134  9
45450.00   0.7492 10
45500.00   0.6776  8
45550.00   0.7134  9
45600.00   0.6776  8
45650.00   0.7134  9
45700.00   0.6776  8
45750.00   0.7869 11
45800.00   0.7869 11
45850.00   0.7492 10
45900.00   0.7492 10
45950.00   0.6776  8
46000.00   0.8267 12
46050.00   0.7134  9
46100.00   0.7134  9
46150.00   0.7869 11
46200.00   0.7134  9
46250.00   0.7492 10
46300.00   0.7869 11
46350.00   0.7134  9
46400.00   0.8267 12
46450.00   0.7492 10
46500.00   0.7134  9
46550.00   0.7869 11
46600.00   0.7492 10
46650.00   0.7134  9
46700.00   0.8267 12
46750.00   0.7869 11
46800.00   0.7134  9
46850.00   0.6776  8
46900.00   0.7492 10
46950.00   0.7869 11
47000.00   0.7134  9
47050.00   0.7869 11
47100.00   0.7869 11
47150.00   0.7134  9
47200.00   0.7134  9
47250.00   0.7492 10
47300.00   0.7492 10
47350.00   0.7492 10
47400.00   0.7869 11
47450.00   0.7134  9
47500.00   0.8267 12
47550.00   0.7492 10
47600.00   0.7869 11
47650.00   0.7869 11
47700.00   0.7134  9
47750.00   0.7492 10
47800.00   0.7134  9
47850.00   0.7869 11
47900.00   0.8267 12
47950.00   0.7134  9
48000.00   0.8267 12
48050.00   0.8267 12
48100.00   0.8267 12
48150.00   0.7134  9
48200.00   0.7134  9
48250.00   0.7869 11
48300.00   0.8267 12
48350.00   0.7492 10
48400.00   0.7492 10
48450.00   0.7492 10
48500.00   0.7492 10
48550.00   0.7869 11
48600.00   0.8267 12
48650.00   0.7869 11
48700.00   0.8267 12
48750.00   0.8267 12
48800.00   0.8267 12
48850.00   0.7492 10
48900.00   0.8267 12
48950.00   0.7869 11
49000.01   0.8267 12
49050.00   0.8267 12
49100.00   0.7492 10
49150.00   0.7869 11
49200.00   0.7869 11
49250.00   0.7869 11
49300.00   0.7869 11
49350.00   0.8267 12
49400.00   0.7492 10
49450.00   0.8267 12
49500.00   0.7492 10
49550.00   0.8267 12
49600.00   0.8267 12
49650.00   0.7492 10
49700.00   0.7492 10
49750.00   0.7134  9
49800.00   0.7869 11
49850.00   0.7869 11
49900.00   0.7869 11
49950.00   0.7869 11
50000.00   0.7492 10
50050.00   0.7134  9
50100.00   0.7492 10
50150.00   0.8267 12
50200.00   0.8267 12
50250.00   0.7869 11
50300.00   0.7869 11
50350.00   0.7492 10
50400.00   0.7492 10
50450.00   0.6776  8
50500.00   0.8267 12
50550.00   0.7134  9
50600.00   0.7869 11
50650.00   0.7869 11
50700.00   0.7492 10
50750.00   0.7869 11
50800.00   0.7492 10
50850.00   0.6776  8
50900.00   0.7869 11
50950.00   0.7492 10
51000.00   0.7869 11
51050.00   0.7492 10
51100.00   0.8267 12
51150.00   0.8267 12
51200.00   0.7869 11
51250.00   0.8267 12
51300.00   0.8267 12
51350.00   0.7869 11
51400.00   0.8267 12
51450.00   0.7134  9
51500.00   0.7492 10
51550.00   0.8267 12
51600.00   0.7134  9
51650.00   0.8267 12
51700.00   0.7869 11
51750.00   0.8267 12
51800.00   0.8267 12
51850.00   0.8267 12
51900.00   0.7869 11
51950.00   0.7869 11
52000.00   0.7869 11
52050.00   0.8267 12
52100.00   0.7492 10
52150.00   0.7492 10
52200.00   0.8267 12
52250.00   0.7492 10
52300.00   0.7492 10
52350.00   0.8267 12
52400.00   0.7869 11
52450.00   0.7869 11
52500.00   0.7869 11
52550.00   0.8267 12
52600.00   0.7869 11
52650.00   0.7869 11
52700.00   0.7492 10
52750.00   0.7869 11
52800.00   0.7134  9
52850.00   0.7134  9
52900.00   0.7869 11
52950.00   0.7869 11
53000.00   0.8267 12
53050.00   0.8267 12
53100.00   0.7869 11
53150.00   0.7869 11
53200.00   0.7869 11
53250.00   0.7134  9
53300.00   0.6448  7
53350.00   0.8267 12
53400.00   0.7134  9
53450.00   0.7869 11
53500.00   0.8267 12
53550.00   0.7134  9
53600.00   0.8267 12
53650.00   0.7134  9
53700.00   0.7869 11
53750.00   0.7134  9
53800.00   0.7869 11
53850.00   0.7134  9
53900.00   0.7492 10
53950.00   0.7492 10
54000.00   0.7869 11
54050.00   0.7492 10
54100.00   0.7869 11
54150.00   0.8267 12
54200.00   0.8267 12
54250.00   0.6776  8
54300.00   0.7869 11
54350.00   0.7492 10
54400.00   0.7492 10
54450.00   0.7869 11
54500.00   0.7492 10
54550.00   0.7134  9
54600.00   0.8267 12
54650.00   0.7134  9
54700.00   0.7134  9
54750.00   0.7869 11
54800.00   0.8267 12
54850.00   0.8267 12
54900.00   0.8267 12
54950.00   0.8267 12
55000.00   0.7492 10
55050.00   0.7492 10
55100.00   0.8267 12
55150.00   0.7869 11
55200.00   0.7492 10
55250.00   0.7869 11
55300.00   0.7134  9
55350.00   0.6776  8
55400.00   0.6776  8
55450.00   0.6776  8
55500.00   0.8267 12
55550.00   0.7134  9
55600.00   0.8267 12
55650.00   0.8267 12
55700.00   0.7134  9
55750.00   0.7134  9
55800.00   0.8267 12
55850.00   0.6776  8
55900.00   0.6776  8
55950.00   0.6776  8
56000.00   0.7134  9
56050.00   0.7134  9
56100.00   0.6776  8
56150.00   0.7869 11
56200.00   0.6776  8
56250.00   0.7134  9
56300.00   0.7492 10
56350.00   0.6448  7
56400.00   0.7134  9
56450.00   0.6776  8
56500.00   0.6776  8
56550.00   0.8267 12
56600.00   0.7869 11
56650.00   0.7492 10
56700.00   0.7492 10
56750.00   0.8267 12
56800.00   0.7492 10
56850.00   0.7869 11
56900.00   0.7134  9
56950.00   0.8267 12
57000.00   0.7492 10
57050.00   0.7134  9
57100.00   0.8267 12
57150.00   0.7492 10
57200.00   0.6776  8
57250.00   0.7134  9
57300.00   0.7134  9
57350.00   0.7869 11
57400.00   0.8267 12
57450.00   0.7492 10
57500.00   0.7134  9
57550.00   0.7134  9
57600.00   0.6776  8
57650.00   0.7134  9
57700.00   0.7134  9
57750.00   0.7492 10
57800.00   0.7492 10
57850.00   0.7492 10
57900.00   0.8267 12
57950.00   0.8267 12
58000.00   0.7134  9
58050.00   0.7869 11
58100.00   0.7134  9
58150.00   0.7134  9
58200.00   0.6776  8
58250.00   0.7134  9
58300.00   0.7492 10
58350.00   0.8267 12
58400.00   0.7492 10
58450.00   0.7134  9
58500.00   0.7869 11
58550.00   0.7492 10
58600.00   0.7134  9
58650.00   0.7492 10
58700.00   0.7869 11
58750.00   0.8267 12
58800.00   0.7134  9
58850.00   0.8267 12
58900.00   0.8267 12
58950.00   0.7869 11
59000.00   0.6776  8
59050.00   0.7134  9
59100.00   0.6776  8
59150.00   0.6776  8
59200.00   0.8267 12
59250.00   0.7134  9
59300.00   0.7492 10
59350.00   0.6776  8
59400.00   0.7869 11
59450.00   0.6776  8
59500.00   0.6776  8
59550.00   0.6776  8
59600.00   0.7134  9
59650.00   0.7134  9
59700.00   0.7869 11
59750.00   0.7134  9
59800.01   0.7492 10
59850.00   0.8267 12
59900.00   0.6776  8
59950.00   0.7134  9
60000.00   0.7492 10
60050.00   0.7492 10
60100.00   0.8267 12
60150.00   0.8267 12
60200.00   0.7869 11
60250.00   0.7869 11
60300.00   0.7869 11
60350.00   0.8267 12
60400.00   0.6448  7
60450.00   0.8267 12
60500.00   0.8267 12
60550.00   0.7134  9
60600.00   0.6448  7
60650.00   0.6776  8
60700.00   0.8267 12
60750.00   0.7869 11
60800.00   0.7869 11
60850.00   0.8267 12
60900.00   0.7869 11
60950.00   0.7492 10
61000.00   0.7492 10
61050.01   0.7134  9
61100.00   0.7134  9
61150.00   0.8267 12
61200.00   0.7492 10
61250.00   0.7869 11
61300.00   0.8267 12
61350.00   0.8267 12
61400.00   0.7869 11
61450.00   0.7869 11
61500.00   0.6776  8
61550.00   0.8267 12
61600.00   0.6776  8
61650.00   0.7492 10
61700.00   0.7134  9
61750.00   0.7134  9
61800.00   0.7869 11
61850.00   0.7134  9
61900.00   0.7492 10
61950.00   0.8267 12
62000.00   0.8267 12
62050.00   0.6776  8
62100.00   0.7134  9
62150.00   0.8267 12
62200.00   0.7869 11
62250.00   0.7134  9
62300.00   0.8267 12
62350.00   0.7492 10
62400.00   0.6776  8
62450.00   0.7134  9
62500.00   0.8267 12
62550.00   0.8267 12
62600.00   0.7492 10
62650.00   0.7869 11
62700.00   0.6776  8
62750.00   0.8267 12
62800.00   0.6776  8
62850.00   0.8267 12
62900.00   0.7869 11
62950.00   0.8267 12
63000.00   0.7134  9
63050.00   0.8267 12
63100.00   0.6776  8
63150.00   0.6776  8
63200.00   0.6776  8
63250.00   0.7134  9
63300.00   0.7134  9
63350.00   0.7869 11
63400.00   0.7492 10
63450.00   0.7134  9
63500.00   0.7869 11
63550.00   0.7492 10
63600.00   0.7492 10
63650.00   0.7134  9
63700.00   0.7492 10
63750.00   0.8267 12
63800.00   0.7492 10
63850.00   0.8267 12
63900.00   0.7492 10
63950.00   0.6776  8
64000.00   0.7869 11
64050.00   0.6776  8
64100.00   0.7134  9
64150.00   0.7869 11
64200.00   0.8267 12
64250.00   0.7869 11
64300.00   0.7492 10
64350.00   0.6776  8
64400.00   0.7869 11
64450.00   0.8267 12
64500.00   0.6121  6
64550.00   0.6776  8
64600.00   0.6776  8
64650.00   0.7492 10
64700.00   0.6448  7
64750.00   0.7134  9
64800.00   0.7134  9
64850.00   0.6776  8
64900.00   0.6776  8
64950.00   0.7492 10
65000.00   0.8267 12
65050.00   0.7869 11
65100.00   0.7134  9
65150.00   0.6776  8
65200.00   0.6776  8
65250.00   0.8267 12
65300.00   0.7134  9
65350.00   0.7869 11
65400.00   0.7492 10
65450.00   0.7492 10
65500.00   0.6776  8
65550.00   0.7869 11
65600.00   0.6776  8
65650.00   0.6776  8
65700.00   0.7134  9
65750.00   0.7134  9
65800.00   0.7492 10
65850.00   0.7492 10
65900.00   0.6776  8
65950.00   0.7492 10
66000.00   0.7492 10
66050.00   0.7869 11
66100.00   0.7492 10
66150.00   0.7134  9
66200.00   0.6448  7
66250.00   0.7134  9
66300.00   0.7869 11
66350.00   0.6776  8
66400.00   0.7492 10
66450.00   0.7134  9
66500.00   0.6776  8
66550.00   0.6776  8
66600.00   0.7869 11
66650.00   0.7492 10
66700.00   0.6776  8
66750.00   0.7492 10
66800.00   0.6776  8
66850.00   0.8267 12
66900.00   0.8267 12
66950.00   0.7134  9
67000.00   0.8267 12
67050.00   0.6776  8
67100.00   0.7134  9
67150.00   0.6776  8
67200.00   0.6776  8
67250.00   0.6776  8
67300.00   0.7134  9
67350.00   0.7869 11
67400.00   0.7134  9
67450.00   0.6776  8
67500.00   0.7134  9
67550.00   0.6776  8
67600.00   0.6776  8
67650.00   0.8267 12
67700.00   0.8267 12
67750.00   0.7492 10
67800.00   0.6776  8
67850.00   0.7869 11
67900.00   0.6776  8
67950.00   0.7134  9
68000.01   0.7869 11
68050.00   0.7492 10
68100.00   0.7869 11
68150.00   0.6776  8
68200.00   0.7492 10
68250.00   0.7492 10
68300.00   0.7492 10
68350.00   0.7492 10
68400.00   0.6448  7
68450.00   0.8267 12
68500.00   0.7134  9
68550.00   0.7492 10
68600.00   0.8267 12
68650.00   0.7869 11
68700.00   0.7492 10
68750.00   0.8267 12
68800.00   0.6776  8
68850.00   0.7492 10
68900.00   0.7869 11
68950.00   0.7869 11
69000.00   0.7869 11
69050.00   0.8267 12
69100.00   0.6776  8
69150.00   0.8267 12
69200.00   0.7134  9
69250.00   0.8267 12
69300.00   0.8267 12
69350.00   0.6776  8
69400.00   0.6776  8
69450.00   0.7134  9
69500.00   0.7134  9
69550.00   0.8267 12
69600.00   0.7492 10
69650.00   0.8267 12
69700.00   0.7134  9
69750.00   0.7492 10
69800.00   0.7492 10
69850.00   0.8267 12
69900.00   0.7492 10
69950.00   0.7869 11
70000.00   0.7869 11
70050.00   0.7134  9
70100.00   0.8267 12
70150.00   0.8267 12
70200.00   0.8267 12
70250.00   0.7869 11
70300.00   0.7134  9
70350.00   0.7869 11
70400.00   0.7134  9
70450.00   0.8267 12
70500.00   0.7869 11
70550.00   0.7492 10
70600.00   0.7492 10
70650.00   0.7492 10
70700.00   0.7134  9
70750.00   0.8267 12
70800.00   0.6776  8
70850.00   0.7492 10
70900.00   0.6776  8
70950.00   0.8267 12
71000.00   0.7492 10
71050.00   0.8267 12
71100.00   0.6776  8
71150.00   0.7134  9
71200.00   0.6776  8
71250.00   0.7492 10
71300.00   0.7492 10
71350.00   0.7869 11
71400.00   0.7134  9
71450.00   0.8267 12
71500.00   0.7492 10
71550.00   0.6776  8
71600.00   0.7492 10
71650.00   0.6776  8
71700.00   0.6776  8
71750.00   0.7869 11
71800.00   0.7134  9
71850.00   0.8267 12
71900.00   0.7869 11
71950.00   0.7134  9
72000.00   0.7492 10
72050.00   0.7492 10
72100.00   0.8267 12
72150.00   0.7869 11
72200.00   0.7492 10
72250.00   0.7492 10
72300.00   0.6776  8
72350.00   0.7869 11
72400.00   0.6776  8
72450.00   0.7869 11
72500.00   0.6776  8
72550.00   0.7492 10
72600.00   0.8267 12
72650.00   0.8267 12
72700.00   0.7869 11
72750.00   0.7134  9
72800.00   0.7492 10
72850.00   0.7492 10
72900.00   0.7869 11
72950.00   0.6776  8
73000.00   0.6776  8
73050.00   0.7869 11
73100.00   0.6448  7
73150.00   0.8267 12
73200.00   0.7869 11
73250.00   0.8267 12
73300.00   0.7492 10
73350.00   0.7134  9
73400.00   0.7492 10
73450.00   0.7869 11
73500.00   0.7869 11
73550.00   0.8267 12
73600.00   0.7492 10
73650.01   0.8267 12
73700.00   0.7869 11
73750.00   0.8267 12
73800.00   0.6776  8
73850.00   0.7134  9
73900.00   0.6776  8
73950.00   0.7134  9
74000.00   0.8267 12
74050.00   0.7869 11
74100.00   0.7134  9
74150.00   0.7492 10
74200.00   0.8267 12
74250.00   0.8267 12
74300.00   0.6776  8
74350.00   0.6776  8
74400.00   0.8267 12
74450.00   0.7869 11
74500.00   0.7869 11
74550.00   0.7134  9
74600.00   0.7492 10
74650.00   0.7492 10
74700.00   0.7869 11
74750.00   0.7134  9
74800.00   0.8267 12
74850.00   0.7134  9
74900.00   0.7869 11
74950.00   0.8267 12
75000.00   0.8267 12
75050.00   0.6776  8
75100.00   0.7134  9
75150.00   0.7869 11
75200.00   0.7134  9
75250.00   0.7492 10
75300.00   0.8267 12
75350.00   0.6776  8
75400.00   0.6776  8
75450.00   0.7134  9
75500.00   0.8267 12
75550.00   0.8267 12
75600.00   0.7869 11
75650.00   0.8267 12
75700.00   0.8267 12
75750.00   0.6448  7
75800.00   0.7492 10
75850.00   0.7492 10
75900.00   0.7492 10
75950.00   0.8267 12
76000.00   0.6776  8
76050.00   0.7869 11
76100.00   0.7869 11
76150.00   0.7869 11
76200.00   0.7492 10
76250.00   0.6776  8
76300.00   0.7869 11
76350.00   0.8267 12
76400.00   0.8267 12
76450.00   0.8267 12
76500.00   0.7134  9
76550.00   0.8267 12
76600.00   0.8267 12
76650.00   0.7492 10
76700.00   0.8267 12
76750.00   0.8267 12
76800.00   0.8267 12
76850.00   0.7134  9
76900.00   0.7134  9
76950.00   0.7492 10
77000.00   0.8267 12
77050.00   0.7492 10
77100.00   0.8267 12
77150.00   0.7134  9
77200.00   0.6776  8
77250.00   0.7492 10
77300.00   0.7134  9
77350.00   0.7869 11
77400.00   0.7134  9
77450.00   0.7134  9
77500.00   0.6776  8
77550.00   0.6776  8
77600.00   0.7134  9
77650.00   0.7869 11
77700.00   0.7134  9
77750.00   0.8267 12
77800.00   0.6776  8
77850.00   0.7869 11
77900.00   0.7869 11
77950.00   0.7134  9
78000.00   0.8267 12
78050.00   0.7869 11
78100.00   0.7869 11
78150.00   0.6776  8
78200.00   0.7492 10
78250.00   0.6776  8
78300.00   0.7134  9
78350.00   0.7134  9
78400.00   0.6776  8
78450.00   0.7492 10
78500.00   0.6776  8
78550.00   0.7134  9
78600.00   0.7492 10
78650.00   0.7869 11
78700.00   0.7134  9
78750.00   0.7134  9
78800.00   0.7134  9
78850.00   0.7869 11
78900.00   0.7869 11
78950.00   0.6448  7
79000.00   0.7869 11
79050.00   0.6776  8
79100.00   0.7134  9
79150.00   0.6776  8
79200.00   0.7869 11
79250.00   0.7492 10
79300.00   0.7492 10
79350.00   0.7492 10
79400.00   0.8267 12
79450.00   0.7869 11
79500.00   0.7134  9
79550.00   0.7492 10
79600.00   0.6776  8
79650.00   0.7869 11
79700.00   0.6776  8
79750.00   0.6776  8
79800.00   0.7492 10
79850.00   0.6776  8
79900.00   0.7492 10
79950.00   0.7869 11
80000.00   0.8267 12
80050.00   0.8267 12
80100.00   0.8267 12
80150.00   0.8267 12
80200.00   0.8267 12
80250.00   0.8267 12
80300.00   0.7492 10
80350.00   0.7492 10
80400.00   0.8267 12
80450.00   0.8267 12
80500.00   0.7492 10
80550.00   0.7869 11
80600.00   0.7869 11
80650.00   0.7492 10
80700.00   0.7869 11
80750.00   0.7869 11
80800.00   0.8267 12
80850.00   0.8267 12
80900.00   0.8267 12
80950.00   0.7492 10
81000.00   0.7492 10
81050.00   0.8267 12
81100.00   0.7869 11
81150.00   0.7492 10
81200.00   0.7492 10
81250.00   0.6776  8
81300.00   0.7492 10
81350.00   0.7134  9
81400.00   0.7492 10
81450.00   0.7492 10
81500.00   0.7492 10
81550.00   0.7869 11
81600.00   0.7492 10
81650.00   0.7869 11
81700.00   0.6776  8
81750.00   0.6776  8
81800.00   0.7134  9
81850.01   0.7492 10
81900.00   0.6776  8
81950.00   0.8267 12
82000.00   0.7134  9
82050.01   0.6448  7
82100.00   0.8267 12
82150.00   0.8267 12
82200.01   0.8267 12
82250.00   0.7869 11
82300.00   0.7492 10
82350.00   0.8267 12
82400.00   0.7492 10
82450.00   0.8267 12
82500.00   0.7492 10
82550.00   0.8267 12
82600.00   0.6448  7
82650.00   0.6448  7
82700.00   0.7869 11
82750.00   0.7869 11
82800.00   0.7134  9
82850.00   0.7869 11
82900.00   0.8267 12
82950.00   0.8267 12
83000.00   0.6776  8
83050.00   0.7492 10
83100.00   0.7492 10
83150.00   0.7869 11
83200.00   0.6776  8
83250.00   0.7134  9
83300.00   0.7134  9
83350.00   0.8267 12
83400.00   0.7869 11
83450.00   0.8267 12
83500.00   0.7492 10
83550.00   0.8267 12
83600.00   0.8267 12
83650.00   0.7492 10
83700.00   0.7134  9
83750.00   0.7869 11
83800.00   0.8267 12
83850.00   0.6776  8
83900.00   0.7134  9
83950.00   0.7134  9
84000.00   0.6776  8
84050.00   0.7492 10
84100.00   0.7869 11
84150.00   0.7869 11
84200.00   0.8267 12
84250.00   0.7492 10
84300.00   0.7492 10
84350.00   0.7869 11
84400.00   0.7492 10
84450.00   0.6776  8
84500.00   0.7134  9
84550.00   0.8267 12
84600.00   0.7134  9
84650.00   0.7492 10
84700.00   0.7869 11
84750.00   0.7134  9
84800.00   0.6776  8
84850.00   0.6776  8
84900.00   0.7492 10
84950.00   0.8267 12
85000.00   0.7869 11
85050.00   0.7492 10
85100.00   0.7134  9
85150.00   0.8267 12
85200.00   0.6776  8
85250.00   0.7492 10
85300.00   0.7134  9
85350.00   0.7869 11
85400.00   0.7869 11
85450.00   0.7134  9
85500.00   0.7134  9
85550.00   0.7134  9
85600.00   0.7134  9
85650.00   0.8267 12
85700.00   0.8267 12
85750.00   0.7869 11
85800.00   0.7492 10
85850.00   0.7134  9
85900.00   0.6776  8
85950.00   0.7134  9
86000.00   0.6776  8
86050.00   0.7869 11
86100.00   0.8267 12
86150.00   0.6448  7
86200.00   0.7134  9
86250.00   0.7869 11
86300.00   0.6776  8
86350.00   0.7492 10
86400.00   0.7134  9
86450.00   0.7492 10
86500.00   0.8267 12
86550.00   0.8267 12
86600.00   0.6776  8
86650.00   0.6776  8
86700.01   0.6776  8
86750.00   0.7492 10
86800.00   0.7869 11
86850.00   0.7869 11
86900.00   0.7869 11
86950.00   0.6448  7
87000.00   0.7492 10
87050.00   0.8267 12
87100.00   0.7869 11
87150.00   0.8267 12
87200.00   0.6448  7
87250.00   0.7134  9
87300.00   0.7492 10
87350.00   0.7869 11
87400.00   0.7492 10
87450.00   0.7134  9
87500.00   0.6448  7
87550.00   0.7869 11
87600.00   0.7492 10
87650.00   0.7869 11
87700.00   0.7134  9
87750.00   0.7492 10
87800.00   0.7134  9
87850.00   0.8267 12
87900.00   0.7492 10
87950.00   0.7869 11
88000.00   0.6776  8
88050.00   0.6776  8
88100.00   0.8267 12
88150.00   0.7492 10
88200.00   0.7134  9
88250.00   0.6776  8
88300.00   0.7134  9
88350.00   0.7869 11
88400.00   0.8267 12
88450.00   0.7492 10
88500.00   0.7869 11
88550.00   0.7492 10
88600.00   0.8267 12
88650.00   0.8267 12
88700.00   0.8267 12
88750.00   0.7492 10
88800.00   0.6776  8
88850.00   0.6776  8
88900.00   0.7492 10
88950.00   0.8267 12
89000.00   0.7492 10
89050.00   0.7869 11
89100.00   0.7492 10
89150.00   0.7869 11
89200.00   0.7134  9
89250.00   0.6448  7
89300.00   0.7492 10
89350.00   0.6776  8
89400.00   0.7492 10
89450.00   0.6448  7
89500.00   0.7869 11
89550.00   0.7492 10
89600.00   0.8267 12
89650.00   0.8267 12
89700.00   0.7869 11
89750.00   0.8267 12
89800.00   0.6776  8
89850.00   0.6448  7
89900.00   0.7134  9
89950.00   0.7134  9
90000.00   0.7492 10
90050.00   0.8267 12
90100.00   0.8267 12
90150.00   0.7869 11
90200.00   0.7869 11
90250.00   0.7869 11
90300.00   0.7869 11
90350.00   0.7492 10
90400.00   0.7492 10
90450.00   0.6776  8
90500.00   0.7492 10
90550.00   0.8267 12
90600.00   0.7492 10
90650.00   0.8267 12
90700.00   0.7134  9
90750.00   0.7134  9
90800.00   0.6121  6
90850.00   0.6121  6
90900.00   0.7869 11
90950.00   0.7492 10
91000.00   0.7869 11
91050.00   0.7492 10
91100.00   0.7869 11
91150.00   0.7492 10
91200.00   0.8267 12
91250.00   0.7492 10
91300.00   0.8267 12
91350.00   0.7492 10
91400.00   0.7869 11
91450.00   0.6448  7
91500.00   0.7492 10
91550.00   0.7869 11
91600.00   0.7869 11
91650.00   0.8267 12
91700.01   0.8267 12
91750.00   0.7492 10
91800.00   0.7492 10
91850.00   0.8267 12
91900.00   0.8267 12
91950.00   0.7134  9
92000.00   0.6776  8
92050.00   0.8267 12
92100.00   0.7134  9
92150.00   0.7869 11
92200.00   0.8267 12
92250.00   0.7869 11
92300.00   0.7134  9
92350.00   0.7492 10
92400.00   0.6776  8
92450.01   0.6776  8
92500.00   0.7492 10
92550.00   0.8267 12
92600.00   0.8267 12
92650.00   0.8267 12
92700.00   0.6776  8
92750.00   0.7492 10
92800.00   0.8267 12
92850.00   0.7134  9
92900.00   0.7869 11
92950.00   0.6776  8
93000.00   0.6776  8
93050.00   0.7869 11
93100.00   0.7134  9
93150.00   0.7492 10
93200.00   0.8267 12
93250.00   0.8267 12
93300.00   0.8267 12
93350.00   0.7492 10
93400.00   0.7869 11
93450.00   0.7869 11
93500.00   0.7869 11
93550.00   0.7134  9
93600.00   0.6776  8
93650.00   0.6776  8
93700.00   0.7492 10
93750.00   0.6776  8
93800.00   0.7492 10
93850.00   0.6776  8
93900.00   0.8267 12
93950.00   0.7134  9
94000.00   0.7134  9
94050.00   0.7492 10
94100.00   0.8267 12
94150.00   0.7134  9
94200.00   0.7869 11
94250.00   0.7869 11
94300.00   0.8267 12
94350.00   0.7134  9
94400.00   0.8267 12
94450.00   0.7134  9
94500.00   0.7869 11
94550.00   0.7134  9
94600.00   0.7134  9
94650.00   0.6448  7
94700.00   0.7134  9
94750.00   0.6776  8
94800.00   0.7869 11
94850.00   0.8267 12
94900.00   0.7869 11
94950.00   0.8267 12
95000.00   0.8267 12
95050.00   0.6448  7
95100.00   0.8267 12
95150.00   0.7134  9
95200.00   0.6776  8
95250.00   0.7492 10
95300.00   0.7492 10
95350.00   0.8267 12
95400.00   0.7134  9
95450.00   0.7869 11
95500.00   0.7492 10
95550.00   0.8267 12
95600.00   0.6776  8
95650.00   0.8267 12
95700.00   0.7134  9
95750.00   0.6776  8
95800.00   0.6448  7
95850.00   0.7134  9
95900.00   0.8267 12
95950.00   0.7869 11
96000.00   0.7492 10
96050.00   0.6776  8
96100.00   0.8267 12
96150.00   0.7869 11
96200.00   0.6776  8
96250.00   0.7134  9
96300.00   0.7134  9
96350.00   0.7492 10
96400.00   0.7134  9
96450.00   0.6776  8
96500.00   0.7869 11
96550.00   0.6776  8
96600.00   0.8267 12
96650.00   0.7492 10
96700.00   0.7492 10
96750.00   0.7869 11
96800.00   0.8267 12
96850.00   0.8267 12
96900.00   0.7869 11
96950.00   0.7134  9
97000.00   0.7134  9
97050.00   0.6776  8
97100.00   0.6776  8
97150.00   0.7869 11
97200.00   0.7134  9
97250.00   0.7869 11
97300.00   0.7134  9
97350.00   0.7869 11
97400.00   0.7492 10
97450.00   0.7869 11
97500.00   0.7869 11
97550.00   0.7869 11
97600.00   0.8267 12
97650.00   0.7869 11
97700.00   0.6776  8
97750.00   0.8267 12
97800.00   0.8267 12
97850.00   0.7492 10
97900.00   0.7492 10
97950.00   0.8267 12
98000.00   0.7134  9
98050.00   0.7492 10
98100.00   0.7134  9
98150.00   0.7492 10
98200.00   0.7134  9
98250.00   0.8267 12
98300.00   0.8267 12
98350.00   0.8267 12
98400.00   0.7869 11
98450.00   0.8267 12
98500.00   0.8267 12
98550.00   0.7134  9
98600.00   0.7134  9
98650.00   0.8267 12
98700.00   0.7869 11
98750.00   0.7134  9
98800.00   0.6776  8
98850.00   0.7134  9
98900.00   0.6776  8
98950.00   0.7134  9
99000.00   0.7869 11
99050.00   0.6776  8
99100.00   0.8267 12
99150.00   0.8267 12
99200.00   0.6776  8
99250.00   0.8267 12
99300.00   0.7492 10
99350.00   0.7492 10
99400.00   0.7134  9
99450.00   0.7492 10
99500.00   0.7134  9
99550.00   0.7492 10
99600.00   0.8267 12
99650.00   0.8267 12
99700.00   0.7869 11
99750.00   0.8267 12
99800.00   0.8267 12
99850.00   0.6776  8
99900.00   0.7492 10
99950.00   0.7492 10
100000.00   0.8267 12
