50.00   0.5813  5
100.00   0.4968  2
150.00   0.5514  4
200.00   0.6121  6
250.00   0.5236  3
300.00   0.5514  4
350.00   0.6121  6
400.00   0.5236  3
450.00   0.4968  2
500.00   0.4968  2
550.00   0.5514  4
600.00   0.5813  5
650.00   0.5236  3
700.00   0.4700  1
750.00   0.5813  5
800.00   0.5236  3
850.00   0.5236  3
900.00   0.5813  5
950.00   0.6448  7
1000.00   0.5514  4
1050.00   0.4968  2
1100.00   0.5813  5
1150.00   0.4968  2
1200.00   0.5813  5
1250.00   0.4968  2
1300.00   0.5813  5
1350.00   0.5236  3
1400.00   0.5514  4
1450.00   0.4968  2
1500.00   0.6121  6
1550.00   0.6121  6
1600.00   0.6121  6
1650.00   0.5514  4
1700.00   0.5236  3
1750.00   0.4968  2
1800.00   0.6121  6
1850.00   0.5813  5
1900.00   0.4700  1
1950.00   0.5813  5
2000.00   0.6776  8
2050.00   0.5236  3
2100.00   0.5514  4
2150.00   0.4968  2
2200.00   0.6121  6
2250.00   0.5236  3
2300.00   0.5514  4
2350.00   0.5813  5
2400.00   0.4968  2
2450.00   0.5514  4
2500.00   0.5514  4
2550.00   0.5813  5
2600.00   0.5236  3
2650.00   0.5813  5
2700.00   0.5514  4
2750.00   0.5236  3
2800.00   0.6121  6
2850.00   0.5236  3
2900.00   0.4700  1
2950.00   0.4700  1
3000.00   0.5236  3
3050.00   0.5813  5
3100.00   0.5236  3
3150.00   0.5236  3
3200.00   0.4700  1
3250.00   0.4968  2
3300.00   0.4700  1
3350.00   0.5514  4
3400.00   0.5514  4
3450.00   0.4968  2
3500.00   0.4700  1
3550.00   0.6776  8
3600.00   0.5813  5
3650.00   0.4968  2
3700.00   0.4968  2
3750.00   0.4700  1
3800.00   0.4700  1
3850.00   0.5236  3
3900.00   0.4700  1
3950.00   0.4700  1
4000.00   0.4700  1
4050.00   0.4968  2
4100.00   0.4968  2
4150.00   0.4968  2
4200.00   0.4700  1
4250.00   0.5236  3
4300.00   0.4700  1
4350.00   0.6121  6
4400.00   0.4700  1
4450.00   0.4700  1
4500.00   0.5514  4
4550.00   0.4968  2
4600.00   0.5236  3
4650.00   0.4968  2
4700.00   0.4968  2
4750.00   0.5236  3
4800.00   0.5813  5
4850.00   0.5236  3
4900.00   0.4700  1
4950.00   0.4968  2
5000.00   0.5236  3
5050.00   0.4700  1
5100.00   0.5514  4
5150.00   0.4700  1
5200.00   0.5236  3
5250.00   0.5236  3
5300.00   0.5514  4
5350.00   0.5236  3
5400.00   0.5236  3
5450.00   0.5813  5
5500.00   0.6121  6
5550.00   0.4968  2
5600.00   0.4968  2
5650.00   0.5236  3
5700.00   0.4700  1
5750.00   0.5236  3
5800.00   0.6121  6
5850.00   0.6448  7
5900.00   0.5813  5
5950.00   0.6121  6
6000.00   0.5514  4
6050.00   0.7134  9
6100.00   0.6448  7
6150.00   0.5514  4
6200.00   0.6121  6
6250.00   0.6121  6
6300.00   0.5236  3
6350.00   0.6776  8
6400.00   0.4968  2
6450.00   0.5813  5
6500.00   0.5514  4
6550.00   0.5813  5
6600.00   0.6448  7
6650.00   0.6121  6
6700.00   0.6776  8
6750.00   0.5813  5
6800.00   0.5813  5
6850.00   0.5514  4
6900.00   0.6448  7
6950.00   0.6121  6
7000.00   0.6448  7
7050.00   0.5813  5
7100.00   0.5514  4
7150.00   0.6776  8
7200.00   0.5813  5
7250.00   0.5236  3
7300.00   0.5813  5
7350.00   0.5813  5
7400.00   0.6121  6
7450.00   0.6448  7
7500.00   0.6448  7
7550.00   0.6448  7
7600.00   0.6448  7
7650.00   0.6448  7
7700.00   0.6448  7
7750.00   0.6776  8
7800.00   0.6121  6
7850.00   0.5236  3
7900.00   0.5813  5
7950.00   0.5813  5
8000.00   0.6121  6
8050.00   0.4968  2
8100.00   0.4700  1
8150.00   0.6448  7
8200.00   0.4700  1
8250.01   0.6448  7
8300.00   0.4968  2
8350.00   0.6121  6
8400.00   0.5514  4
8450.00   0.5813  5
8500.00   0.6448  7
8550.00   0.6776  8
8600.00   0.6776  8
8650.00   0.6448  7
8700.00   0.6448  7
8750.01   0.6448  7
8800.00   0.6776  8
8850.00   0.4700  1
8900.01   0.5236  3
8950.01   0.4968  2
9000.00   0.4968  2
9050.00   0.5813  5
9100.00   0.5813  5
9150.00   0.4968  2
9200.00   0.6448  7
9250.00   0.6448  7
9300.00   0.5514  4
9350.00   0.5236  3
9400.00   0.6448  7
9450.00   0.6121  6
9500.00   0.6776  8
9550.00   0.6448  7
9600.00   0.6121  6
9650.00   0.6776  8
9700.00   0.7134  9
9750.00   0.6448  7
9800.00   0.7134  9
9850.00   0.5813  5
9900.00   0.6121  6
9950.00   0.6121  6
10000.00   0.6776  8
10050.00   0.5514  4
10100.00   0.5514  4
10150.00   0.6776  8
10200.00   0.6121  6
10250.00   0.5514  4
10300.00   0.7134  9
10350.00   0.5236  3
10400.00   0.5236  3
10450.00   0.6121  6
10500.00   0.5514  4
10550.00   0.5514  4
10600.00   0.5813  5
10650.00   0.4968  2
10700.00   0.6448  7
10750.00   0.6448  7
10800.00   0.6121  6
10850.00   0.6448  7
10900.00   0.6448  7
10950.00   0.5514  4
11000.00   0.6121  6
11050.00   0.6448  7
11100.00   0.6121  6
11150.00   0.5813  5
11200.00   0.6448  7
11250.00   0.6776  8
11300.00   0.6776  8
11350.00   0.6121  6
11400.00   0.6448  7
11450.00   0.6448  7
11500.00   0.6121  6
11550.00   0.5813  5
11600.00   0.6448  7
11650.00   0.7134  9
11700.00   0.6121  6
11750.00   0.5813  5
11800.00   0.7134  9
11850.00   0.6776  8
11900.00   0.5813  5
11950.00   0.5236  3
12000.00   0.5514  4
12050.00   0.5813  5
12100.00   0.5236  3
12150.00   0.5813  5
12200.00   0.5813  5
12250.00   0.5813  5
12300.00   0.5514  4
12350.00   0.5813  5
12400.00   0.5813  5
12450.00   0.6121  6
12500.00   0.5813  5
12550.00   0.5514  4
12600.00   0.5236  3
12650.00   0.6776  8
12700.00   0.6448  7
12750.00   0.5813  5
12800.00   0.4700  1
12850.00   0.6776  8
12900.00   0.5514  4
12950.00   0.6448  7
13000.00   0.5514  4
13050.00   0.5236  3
13100.00   0.6448  7
13150.00   0.6448  7
13200.00   0.5514  4
13250.00   0.6121  6
13300.00   0.5813  5
13350.00   0.6448  7
13400.00   0.6121  6
13450.00   0.6448  7
13500.00   0.6776  8
13550.00   0.6121  6
13600.00   0.6121  6
13650.00   0.6121  6
13700.00   0.7134  9
13750.00   0.5514  4
13800.00   0.5236  3
13850.00   0.6121  6
13900.00   0.6121  6
13950.00   0.6121  6
14000.00   0.6776  8
14050.00   0.6448  7
14100.00   0.5813  5
14150.00   0.5236  3
14200.00   0.6121  6
14250.00   0.5514  4
14300.00   0.5813  5
14350.00   0.6776  8
14400.00   0.6121  6
14450.00   0.5813  5
14500.00   0.7134  9
14550.00   0.7492 10
14600.00   0.5514  4
14650.00   0.6448  7
14700.00   0.5813  5
14750.00   0.5813  5
14800.00   0.6448  7
14850.00   0.5236  3
14900.00   0.5514  4
14950.00   0.5236  3
15000.00   0.6121  6
15050.00   0.6121  6
15100.00   0.5514  4
15150.00   0.5236  3
15200.00   0.5236  3
15250.00   0.5236  3
15300.00   0.6121  6
15350.00   0.5514  4
15400.00   0.6776  8
15450.00   0.5236  3
15500.00   0.6448  7
15550.00   0.6448  7
15600.00   0.5813  5
15650.00   0.5236  3
15700.00   0.6448  7
15750.00   0.6776  8
15800.00   0.6448  7
15850.00   0.6448  7
15900.00   0.6776  8
15950.00   0.5813  5
16000.00   0.6448  7
16050.00   0.6121  6
16100.00   0.5236  3
16150.00   0.5813  5
16200.00   0.5236  3
16250.00   0.6121  6
16300.00   0.5813  5
16350.00   0.6776  8
16400.00   0.6448  7
16450.00   0.5813  5
16500.00   0.5813  5
16550.00   0.6121  6
16600.00   0.5813  5
16650.00   0.6448  7
16700.00   0.6121  6
16750.00   0.7134  9
16800.00   0.6448  7
16850.00   0.6448  7
16900.00   0.5514  4
16950.00   0.6448  7
17000.00   0.6776  8
17050.00   0.8267 12
17100.00   0.5514  4
17150.00   0.5236  3
17200.00   0.5236  3
17250.00   0.6121  6
17300.00   0.5236  3
17350.00   0.5236  3
17400.00   0.5514  4
17450.00   0.5514  4
17500.00   0.5813  5
17550.00   0.4700  1
17600.00   0.4968  2
17650.00   0.5236  3
17700.00   0.5236  3
17750.00   0.5813  5
17800.00   0.4968  2
17850.00   0.5813  5
17900.00   0.6448  7
17950.00   0.6448  7
18000.00   0.6121  6
18050.00   0.6121  6
18100.01   0.5813  5
18150.00   0.5514  4
18200.00   0.6121  6
18250.00   0.6776  8
18300.00   0.6776  8
18350.00   0.6448  7
18400.00   0.6776  8
18450.00   0.7134  9
18500.00   0.6448  7
18550.00   0.4968  2
18600.00   0.7134  9
18650.00   0.6448  7
18700.00   0.6121  6
18750.00   0.6448  7
18800.00   0.5813  5
18850.00   0.5514  4
18900.00   0.5236  3
18950.00   0.6448  7
19000.00   0.4700  1
19050.00   0.5236  3
19100.00   0.6121  6
19150.00   0.6776  8
19200.00   0.6448  7
19250.00   0.5514  4
19300.00   0.5236  3
19350.00   0.4700  1
19400.00   0.4700  1
19450.00   0.6448  7
19500.00   0.5813  5
19550.00   0.6121  6
19600.00   0.5813  5
19650.00   0.4968  2
19700.00   0.5813  5
19750.00   0.7134  9
19800.01   0.6776  8
19850.00   0.6121  6
19900.00   0.5514  4
19950.00   0.6448  7
20000.00   0.5813  5
20050.00   0.5813  5
20100.00   0.5514  4
20150.00   0.4700  1
20200.00   0.6121  6
20250.00   0.5813  5
20300.00   0.5813  5
20350.00   0.4968  2
20400.00   0.6776  8
20450.00   0.4968  2
20500.00   0.4968  2
20550.00   0.4700  1
20600.00   0.4968  2
20650.00   0.5236  3
20700.00   0.5236  3
20750.00   0.5514  4
20800.00   0.6121  6
20850.00   0.6448  7
20900.00   0.4700  1
20950.00   0.6448  7
21000.00   0.5813  5
21050.00   0.6121  6
21100.00   0.5514  4
21150.00   0.4968  2
21200.00   0.5813  5
21250.00   0.5813  5
21300.00   0.6121  6
21350.00   0.5514  4
21400.00   0.5514  4
21450.00   0.6776  8
21500.00   0.5236  3
21550.00   0.5514  4
21600.00   0.6448  7
21650.00   0.5514  4
21700.00   0.4700  1
21750.00   0.4700  1
21800.00   0.5514  4
21850.00   0.5514  4
21900.00   0.4968  2
21950.00   0.4700  1
22000.00   0.5813  5
22050.00   0.6448  7
22100.00   0.5236  3
22150.00   0.5514  4
22200.00   0.6448  7
22250.01   0.5236  3
22300.00   0.4968  2
22350.00   0.6448  7
22400.00   0.6776  8
22450.00   0.4968  2
22500.00   0.4700  1
22550.00   0.6776  8
22600.00   0.5236  3
22650.00   0.4700  1
22700.00   0.5236  3
22750.00   0.5813  5
22800.00   0.4968  2
22850.00   0.7134  9
22900.00   0.4968  2
22950.00   0.7492 10
23000.00   0.6121  6
23050.00   0.6121  6
23100.00   0.5514  4
23150.00   0.5514  4
23200.00   0.5514  4
23250.00   0.5236  3
23300.00   0.4700  1
23350.00   0.4700  1
23400.00   0.6448  7
23450.00   0.5236  3
23500.00   0.6448  7
23550.00   0.5813  5
23600.00   0.6121  6
23650.00   0.4968  2
23700.00   0.4700  1
23750.00   0.4700  1
23800.00   0.4700  1
23850.00   0.4968  2
23900.00   0.5813  5
23950.00   0.6448  7
24000.00   0.4968  2
24050.00   0.5813  5
24100.00   0.4700  1
24150.00   0.5236  3
24200.00   0.6121  6
24250.00   0.5514  4
24300.01   0.4968  2
24350.00   0.4700  1
24400.00   0.5813  5
24450.00   0.5514  4
24500.00   0.6121  6
24550.00   0.5813  5
24600.00   0.4968  2
24650.00   0.4968  2
24700.00   0.5236  3
24750.00   0.5236  3
24800.00   0.6448  7
24850.00   0.5236  3
24900.00   0.4700  1
24950.00   0.4968  2
25000.00   0.5813  5
25050.00   0.4700  1
25100.00   0.4968  2
25150.00   0.5813  5
25200.00   0.5813  5
25250.00   0.6776  8
25300.00   0.5813  5
25350.00   0.5236  3
25400.00   0.4700  1
25450.00   0.5813  5
25500.00   0.6448  7
25550.00   0.5514  4
25600.00   0.5236  3
25650.00   0.5236  3
25700.00   0.4700  1
25750.00   0.4700  1
25800.00   0.5813  5
25850.00   0.5813  5
25900.00   0.7492 10
25950.00   0.4700  1
26000.00   0.5514  4
26050.00   0.4968  2
26100.01   0.4968  2
26150.00   0.5813  5
26200.00   0.4700  1
26250.00   0.4700  1
26300.00   0.4700  1
26350.01   0.4700  1
26400.00   0.4700  1
26450.00   0.5514  4
26500.00   0.5236  3
26550.00   0.4700  1
26600.00   0.5514  4
26650.00   0.5813  5
26700.00   0.5514  4
26750.00   0.4968  2
26800.01   0.5236  3
26850.01   0.5236  3
26900.00   0.5514  4
26950.00   0.7134  9
27000.00   0.6121  6
27050.00   0.4700  1
27100.00   0.5514  4
27150.00   0.4968  2
27200.00   0.4700  1
27250.00   0.6121  6
27300.00   0.5813  5
27350.00   0.4968  2
27400.00   0.5236  3
27450.00   0.4968  2
27500.00   0.5236  3
27550.00   0.5514  4
27600.00   0.4700  1
27650.00   0.4968  2
27700.00   0.5236  3
27750.00   0.5514  4
27800.00   0.5236  3
27850.00   0.5514  4
27900.00   0.5236  3
27950.00   0.4700  1
28000.00   0.5236  3
28050.00   0.5236  3
28100.00   0.6448  7
28150.00   0.5236  3
28200.00   0.4700  1
28250.00   0.5813  5
28300.00   0.6121  6
28350.00   0.5813  5
28400.00   0.5813  5
28450.00   0.5813  5
28500.00   0.6776  8
28550.00   0.6121  6
28600.00   0.5813  5
28650.00   0.6121  6
28700.00   0.5813  5
28750.00   0.6121  6
28800.00   0.6448  7
28850.00   0.6776  8
28900.00   0.6121  6
28950.01   0.6121  6
29000.00   0.5813  5
29050.00   0.6121  6
29100.00   0.6121  6
29150.00   0.6121  6
29200.00   0.4700  1
29250.00   0.5514  4
29300.00   0.6448  7
29350.01   0.6776  8
29400.00   0.6121  6
29450.00   0.5813  5
29500.00   0.4968  2
29550.00   0.6776  8
29600.00   0.6776  8
29650.00   0.6776  8
29700.00   0.6121  6
29750.00   0.6448  7
29800.00   0.6776  8
29850.00   0.4700  1
29900.00   0.6448  7
29950.00   0.6448  7
30000.00   0.7134  9
30050.00   0.6448  7
30100.00   0.5514  4
30150.00   0.4968  2
30200.00   0.5514  4
30250.00   0.7492 10
30300.00   0.6121  6
30350.00   0.6121  6
30400.00   0.6776  8
30450.00   0.6448  7
30500.00   0.6448  7
30550.00   0.7134  9
30600.00   0.6121  6
30650.00   0.6121  6
30700.00   0.6776  8
30750.00   0.5514  4
30800.00   0.7134  9
30850.00   0.6448  7
30900.00   0.4968  2
30950.00   0.6121  6
31000.00   0.6776  8
31050.01   0.5813  5
31100.00   0.6121  6
31150.00   0.4700  1
31200.00   0.6448  7
31250.00   0.6448  7
31300.00   0.6448  7
31350.00   0.4968  2
31400.00   0.6121  6
31450.00   0.5813  5
31500.00   0.5236  3
31550.00   0.5514  4
31600.00   0.5813  5
31650.00   0.5514  4
31700.00   0.4968  2
31750.00   0.5236  3
31800.00   0.5514  4
31850.00   0.4968  2
31900.00   0.4700  1
31950.00   0.4968  2
32000.00   0.4968  2
32050.00   0.5813  5
32100.00   0.4968  2
32150.00   0.6448  7
32200.00   0.6448  7
32250.00   0.4700  1
32300.01   0.6448  7
32350.00   0.5514  4
32400.00   0.6448  7
32450.00   0.5514  4
32500.00   0.5813  5
32550.00   0.4700  1
32600.00   0.4968  2
32650.00   0.5514  4
32700.00   0.5813  5
32750.00   0.5813  5
32800.00   0.6776  8
32850.00   0.6121  6
32900.00   0.6121  6
32950.00   0.4700  1
33000.00   0.5236  3
33050.00   0.5236  3
33100.00   0.4968  2
33150.00   0.5514  4
33200.00   0.5514  4
33250.00   0.6776  8
33300.00   0.5236  3
33350.00   0.5813  5
33400.00   0.5514  4
33450.00   0.5514  4
33500.00   0.6448  7
33550.00   0.6121  6
33600.00   0.4700  1
33650.00   0.6776  8
33700.00   0.6776  8
33750.00   0.5514  4
33800.00   0.6121  6
33850.00   0.5813  5
33900.00   0.4700  1
33950.00   0.5813  5
34000.00   0.6776  8
34050.00   0.5813  5
34100.00   0.4700  1
34150.00   0.5236  3
34200.00   0.5236  3
34250.00   0.4968  2
34300.00   0.5236  3
34350.00   0.5236  3
34400.00   0.5813  5
34450.00   0.4968  2
34500.00   0.6121  6
34550.00   0.5514  4
34600.00   0.5236  3
34650.00   0.5236  3
34700.00   0.5514  4
34750.00   0.5514  4
34800.00   0.4968  2
34850.00   0.5236  3
34900.00   0.5514  4
34950.00   0.4968  2
35000.00   0.6776  8
35050.00   0.6121  6
35100.00   0.5514  4
35150.00   0.5514  4
35200.00   0.5236  3
35250.00   0.4968  2
35300.00   0.5514  4
35350.00   0.6776  8
35400.00   0.6448  7
35450.00   0.5514  4
35500.00   0.6121  6
35550.00   0.4700  1
35600.00   0.5813  5
35650.00   0.6121  6
35700.00   0.5514  4
35750.00   0.6121  6
35800.00   0.6121  6
35850.00   0.5236  3
35900.00   0.6448  7
35950.00   0.4968  2
36000.00   0.4968  2
36050.00   0.6121  6
36100.00   0.4700  1
36150.00   0.4700  1
36200.00   0.4700  1
36250.00   0.6121  6
36300.00   0.4700  1
36350.00   0.6776  8
36400.00   0.5236  3
36450.00   0.6448  7
36500.00   0.4968  2
36550.00   0.5236  3
36600.00   0.4700  1
36650.00   0.5813  5
36700.00   0.6776  8
36750.00   0.5236  3
36800.00   0.6121  6
36850.00   0.5813  5
36900.00   0.4700  1
36950.00   0.4968  2
37000.00   0.5514  4
37050.00   0.4700  1
37100.00   0.4700  1
37150.00   0.5236  3
37200.00   0.4700  1
37250.00   0.6121  6
37300.00   0.6448  7
37350.00   0.5813  5
37400.00   0.5514  4
37450.00   0.5236  3
37500.00   0.5514  4
37550.00   0.4700  1
37600.00   0.5813  5
37650.00   0.6776  8
37700.00   0.6121  6
37750.01   0.6121  6
37800.00   0.4968  2
37850.00   0.6776  8
37900.00   0.6121  6
37950.00   0.6776  8
38000.00   0.4968  2
38050.00   0.5236  3
38100.00   0.4700  1
38150.00   0.6776  8
38200.00   0.4700  1
38250.00   0.4968  2
38300.01   0.5813  5
38350.00   0.5236  3
38400.00   0.4968  2
38450.00   0.5514  4
38500.00   0.6448  7
38550.00   0.5514  4
38600.00   0.4968  2
38650.00   0.5236  3
38700.00   0.4700  1
38750.00   0.5813  5
38800.00   0.5813  5
38850.00   0.6776  8
38900.00   0.5514  4
38950.00   0.5813  5
39000.00   0.5236  3
39050.00   0.4700  1
39100.00   0.5813  5
39150.01   0.5236  3
39200.00   0.4700  1
39250.00   0.5514  4
39300.00   0.6448  7
39350.00   0.5236  3
39400.00   0.4968  2
39450.00   0.4968  2
39500.00   0.4968  2
39550.00   0.4968  2
39600.00   0.4700  1
39650.00   0.4700  1
39700.00   0.4700  1
39750.00   0.6121  6
39800.00   0.5514  4
39850.00   0.5813  5
39900.00   0.4700  1
39950.00   0.5813  5
40000.00   0.4968  2
40050.00   0.5813  5
40100.00   0.5813  5
40150.00   0.5514  4
40200.00   0.4968  2
40250.00   0.5236  3
40300.00   0.5813  5
40350.00   0.4700  1
40400.00   0.5813  5
40450.00   0.5236  3
40500.00   0.5813  5
40550.00   0.5813  5
40600.00   0.5514  4
40650.00   0.4968  2
40700.00   0.4968  2
40750.00   0.5514  4
40800.00   0.4968  2
40850.00   0.5514  4
40900.00   0.6776  8
40950.00   0.6776  8
41000.00   0.6448  7
41050.00   0.6448  7
41100.00   0.5813  5
41150.00   0.6121  6
41200.00   0.6448  7
41250.00   0.5813  5
41300.00   0.6121  6
41350.00   0.6121  6
41400.00   0.5236  3
41450.00   0.5514  4
41500.00   0.5236  3
41550.00   0.5514  4
41600.00   0.4700  1
41650.00   0.4700  1
41700.00   0.4700  1
41750.00   0.4700  1
41800.00   0.6121  6
41850.00   0.6121  6
41900.00   0.5514  4
41950.00   0.5236  3
42000.00   0.4700  1
42050.00   0.5514  4
42100.00   0.5813  5
42150.00   0.4968  2
42200.00   0.4700  1
42250.00   0.4700  1
42300.00   0.5813  5
42350.00   0.4700  1
42400.00   0.5813  5
42450.00   0.4968  2
42500.00   0.5514  4
42550.00   0.5236  3
42600.00   0.4968  2
42650.00   0.5236  3
42700.00   0.4968  2
42750.00   0.6121  6
42800.00   0.5514  4
42850.00   0.5236  3
42900.00   0.4968  2
42950.00   0.6121  6
43000.00   0.5236  3
43050.00   0.6121  6
43100.00   0.5813  5
43150.01   0.5813  5
43200.00   0.4968  2
43250.00   0.6776  8
43300.00   0.4968  2
43350.00   0.6776  8
43400.00   0.6448  7
43450.00   0.4968  2
43500.00   0.7492 10
43550.00   0.6121  6
43600.00   0.6448  7
43650.00   0.7869 11
43700.00   0.6448  7
43750.00   0.6776  8
43800.00   0.6776  8
43850.00   0.5514  4
43900.00   0.6121  6
43950.00   0.5514  4
44000.00   0.5813  5
44050.00   0.6448  7
44100.00   0.5236  3
44150.00   0.6776  8
44200.00   0.5514  4
44250.00   0.5236  3
44300.00   0.4700  1
44350.00   0.6448  7
44400.00   0.6448  7
44450.00   0.4968  2
44500.01   0.5813  5
44550.00   0.6121  6
44600.00   0.4700  1
44650.00   0.5813  5
44700.00   0.5236  3
44750.00   0.4700  1
44800.00   0.6121  6
44850.01   0.5813  5
44900.00   0.6121  6
44950.00   0.6776  8
45000.00   0.4700  1
45050.00   0.6448  7
45100.00   0.5236  3
45150.00   0.5514  4
45200.00   0.6121  6
45250.00   0.5236  3
45300.00   0.6448  7
45350.00   0.5514  4
45400.00   0.6121  6
45450.00   0.5236  3
45500.00   0.4968  2
45550.00   0.4968  2
45600.00   0.4700  1
45650.00   0.6121  6
45700.00   0.6448  7
45750.00   0.6121  6
45800.00   0.4700  1
45850.00   0.6448  7
45900.00   0.6448  7
45950.00   0.4968  2
46000.00   0.6121  6
46050.00   0.4968  2
46100.00   0.5236  3
46150.00   0.6448  7
46200.00   0.6121  6
46250.00   0.5813  5
46300.00   0.5514  4
46350.00   0.6776  8
46400.00   0.6121  6
46450.00   0.6776  8
46500.00   0.6121  6
46550.00   0.6776  8
46600.00   0.5813  5
46650.00   0.6776  8
46700.00   0.6121  6
46750.00   0.6776  8
46800.00   0.5514  4
46850.00   0.7134  9
46900.00   0.6121  6
46950.00   0.6776  8
47000.00   0.6121  6
47050.00   0.6448  7
47100.00   0.6121  6
47150.00   0.6448  7
47200.00   0.6448  7
47250.00   0.6448  7
47300.00   0.6121  6
47350.00   0.5514  4
47400.00   0.6776  8
47450.00   0.6776  8
47500.00   0.6448  7
47550.00   0.6448  7
47600.00   0.6121  6
47650.00   0.6776  8
47700.00   0.6448  7
47750.00   0.6776  8
47800.00   0.6776  8
47850.00   0.6448  7
47900.00   0.6448  7
47950.00   0.5813  5
48000.00   0.6448  7
48050.00   0.5514  4
48100.00   0.5813  5
48150.01   0.6776  8
48200.00   0.5813  5
48250.00   0.6121  6
48300.00   0.6776  8
48350.00   0.6121  6
48400.00   0.5514  4
48450.00   0.6121  6
48500.00   0.6121  6
48550.00   0.5813  5
48600.00   0.5813  5
48650.00   0.7134  9
48700.00   0.4700  1
48750.00   0.7134  9
48800.00   0.6448  7
48850.00   0.7134  9
48900.00   0.6776  8
48950.00   0.6776  8
49000.00   0.7134  9
49050.00   0.6776  8
49100.00   0.6776  8
49150.00   0.6776  8
49200.00   0.7492 10
49250.00   0.7134  9
49300.00   0.7134  9
49350.00   0.7869 11
49400.00   0.6448  7
49450.00   0.6121  6
49500.00   0.7134  9
49550.00   0.7134  9
49600.00   0.7134  9
49650.00   0.7134  9
49700.00   0.7134  9
49750.00   0.8267 12
49800.00   0.7134  9
49850.00   0.7492 10
49900.00   0.7134  9
49950.00   0.7134  9
50000.00   0.7869 11
50050.00   0.6776  8
50100.00   0.7134  9
50150.00   0.6776  8
50200.01   0.7492 10
50250.00   0.6121  6
50300.00   0.6776  8
50350.00   0.7134  9
50400.00   0.7134  9
50450.00   0.6448  7
50500.00   0.6776  8
50550.00   0.7492 10
50600.00   0.7492 10
50650.00   0.6448  7
50700.00   0.7134  9
50750.00   0.7492 10
50800.00   0.7134  9
50850.00   0.7492 10
50900.00   0.7134  9
50950.00   0.7134  9
51000.00   0.7134  9
51050.00   0.7134  9
51100.00   0.5236  3
51150.00   0.7134  9
51200.00   0.6448  7
51250.00   0.6448  7
51300.00   0.6776  8
51350.00   0.6776  8
51400.00   0.7134  9
51450.00   0.6448  7
51500.00   0.8267 12
51550.00   0.7869 11
51600.00   0.6776  8
51650.00   0.6776  8
51700.00   0.6448  7
51750.00   0.6448  7
51800.00   0.7134  9
51850.00   0.6776  8
51900.00   0.6776  8
51950.00   0.7492 10
52000.00   0.6776  8
52050.00   0.6776  8
52100.00   0.6448  7
52150.00   0.6776  8
52200.00   0.6776  8
52250.00   0.7134  9
52300.00   0.7134  9
52350.00   0.6448  7
52400.00   0.7492 10
52450.00   0.6776  8
52500.00   0.6121  6
52550.00   0.6121  6
52600.00   0.6776  8
52650.00   0.6448  7
52700.00   0.5236  3
52750.00   0.4700  1
52800.01   0.5813  5
52850.00   0.5813  5
52900.00   0.4968  2
52950.00   0.4700  1
53000.00   0.5514  4
53050.00   0.5514  4
53100.00   0.4968  2
53150.00   0.6448  7
53200.00   0.6448  7
53250.00   0.6776  8
53300.00   0.7134  9
53350.00   0.4968  2
53400.00   0.5514  4
53450.00   0.6448  7
53500.00   0.7134  9
53550.00   0.6121  6
53600.00   0.6121  6
53650.00   0.5813  5
53700.00   0.6121  6
53750.00   0.6776  8
53800.00   0.6121  6
53850.00   0.7492 10
53900.00   0.8267 12
53950.00   0.6448  7
54000.00   0.7134  9
54050.00   0.6776  8
54100.00   0.6448  7
54150.00   0.6448  7
54200.00   0.6776  8
54250.00   0.7134  9
54300.01   0.6776  8
54350.00   0.6776  8
54400.00   0.7134  9
54450.00   0.5236  3
54500.00   0.5236  3
54550.00   0.5813  5
54600.00   0.4968  2
54650.00   0.4968  2
54700.00   0.4968  2
54750.00   0.4968  2
54800.00   0.4968  2
54850.01   0.6448  7
54900.00   0.5236  3
54950.00   0.4968  2
55000.00   0.5514  4
55050.00   0.4968  2
55100.00   0.5236  3
55150.00   0.5514  4
55200.00   0.5813  5
55250.00   0.5236  3
55300.00   0.4968  2
55350.00   0.6448  7
55400.00   0.5236  3
55450.00   0.5514  4
55500.00   0.5514  4
55550.00   0.5813  5
55600.00   0.5236  3
55650.00   0.6448  7
55700.00   0.4700  1
55750.00   0.4700  1
55800.00   0.6448  7
55850.00   0.6121  6
55900.00   0.5813  5
55950.00   0.6448  7
56000.00   0.6121  6
56050.00   0.6448  7
56100.00   0.5813  5
56150.00   0.5813  5
56200.00   0.6448  7
56250.00   0.6776  8
56300.00   0.5236  3
56350.00   0.5514  4
56400.00   0.5514  4
56450.00   0.6448  7
56500.00   0.6448  7
56550.00   0.6121  6
56600.00   0.6121  6
56650.00   0.5514  4
56700.00   0.5813  5
56750.00   0.7134  9
56800.00   0.6448  7
56850.00   0.5813  5
56900.01   0.6448  7
56950.00   0.6448  7
57000.00   0.6776  8
57050.00   0.6121  6
57100.00   0.5514  4
57150.00   0.5514  4
57200.00   0.6448  7
57250.00   0.6776  8
57300.00   0.6121  6
57350.00   0.5813  5
57400.00   0.4968  2
57450.00   0.6121  6
57500.00   0.6121  6
57550.00   0.6121  6
57600.00   0.6448  7
57650.00   0.6776  8
57700.00   0.5813  5
57750.00   0.6121  6
57800.00   0.6121  6
57850.00   0.5813  5
57900.00   0.6448  7
57950.00   0.4968  2
58000.00   0.4968  2
58050.00   0.6448  7
58100.01   0.6448  7
58150.00   0.5813  5
58200.00   0.5236  3
58250.00   0.6776  8
58300.00   0.6121  6
58350.00   0.6448  7
58400.00   0.6121  6
58450.00   0.5514  4
58500.01   0.5813  5
58550.00   0.5813  5
58600.00   0.4968  2
58650.00   0.6448  7
58700.00   0.5813  5
58750.00   0.6776  8
58800.00   0.5236  3
58850.00   0.6121  6
58900.00   0.5236  3
58950.00   0.5514  4
59000.00   0.6448  7
59050.00   0.6121  6
59100.00   0.6448  7
59150.00   0.5236  3
59200.00   0.4700  1
59250.00   0.5813  5
59300.00   0.6121  6
59350.00   0.5813  5
59400.00   0.5236  3
59450.00   0.5514  4
59500.00   0.5813  5
59550.00   0.5813  5
59600.00   0.6448  7
59650.00   0.5236  3
59700.00   0.6448  7
59750.00   0.6776  8
59800.00   0.6448  7
59850.00   0.6448  7
59900.00   0.5813  5
59950.00   0.6448  7
60000.00   0.6448  7
60050.00   0.6121  6
60100.00   0.6448  7
60150.00   0.6448  7
60200.00   0.5236  3
60250.00   0.5236  3
60300.00   0.5236  3
60350.00   0.6448  7
60400.00   0.6121  6
60450.00   0.5236  3
60500.00   0.5813  5
60550.00   0.6448  7
60600.00   0.6776  8
60650.00   0.5813  5
60700.00   0.5813  5
60750.00   0.4968  2
60800.00   0.5813  5
60850.00   0.6448  7
60900.00   0.6448  7
60950.00   0.6776  8
61000.00   0.4968  2
61050.00   0.6121  6
61100.00   0.5813  5
61150.00   0.6448  7
61200.00   0.6121  6
61250.00   0.6448  7
61300.00   0.6776  8
61350.00   0.4968  2
61400.00   0.5813  5
61450.00   0.5813  5
61500.00   0.5813  5
61550.00   0.5813  5
61600.00   0.5813  5
61650.00   0.4700  1
61700.00   0.6121  6
61750.00   0.5813  5
61800.00   0.6776  8
61850.01   0.6776  8
61900.00   0.6448  7
61950.00   0.5813  5
62000.00   0.6776  8
62050.00   0.4968  2
62100.00   0.6448  7
62150.00   0.6448  7
62200.00   0.5813  5
62250.00   0.4700  1
62300.00   0.4968  2
62350.00   0.6121  6
62400.00   0.6121  6
62450.00   0.5514  4
62500.00   0.5813  5
62550.00   0.4700  1
62600.00   0.5514  4
62650.01   0.5514  4
62700.00   0.6448  7
62750.00   0.5813  5
62800.00   0.6448  7
62850.00   0.5514  4
62900.00   0.6448  7
62950.00   0.6121  6
63000.00   0.5236  3
63050.00   0.4968  2
63100.00   0.5813  5
63150.00   0.5813  5
63200.00   0.4968  2
63250.00   0.5236  3
63300.00   0.5813  5
63350.00   0.6121  6
63400.00   0.6121  6
63450.00   0.5514  4
63500.00   0.6121  6
63550.00   0.4968  2
63600.00   0.4968  2
63650.00   0.6448  7
63700.00   0.4968  2
63750.00   0.5236  3
63800.00   0.6121  6
63850.00   0.6448  7
63900.00   0.4968  2
63950.00   0.6448  7
64000.00   0.6448  7
64050.00   0.5514  4
64100.00   0.5236  3
64150.00   0.5813  5
64200.00   0.4968  2
64250.00   0.5514  4
64300.00   0.4968  2
64350.00   0.4968  2
64400.00   0.4700  1
64450.01   0.4700  1
64500.00   0.4700  1
64550.00   0.6448  7
64600.00   0.6121  6
64650.00   0.5514  4
64700.00   0.5236  3
64750.00   0.5236  3
64800.00   0.4700  1
64850.00   0.5236  3
64900.00   0.4968  2
64950.00   0.5514  4
65000.00   0.6121  6
65050.00   0.6448  7
65100.00   0.4700  1
65150.00   0.5236  3
65200.00   0.4968  2
65250.00   0.5236  3
65300.00   0.6448  7
65350.00   0.4968  2
65400.00   0.6121  6
65450.00   0.6776  8
65500.00   0.5236  3
65550.00   0.5236  3
65600.00   0.4968  2
65650.00   0.5813  5
65700.00   0.5236  3
65750.00   0.5236  3
65800.00   0.5813  5
65850.00   0.4700  1
65900.00   0.5236  3
65950.00   0.5813  5
66000.00   0.5813  5
66050.00   0.4968  2
66100.00   0.5813  5
66150.00   0.6448  7
66200.00   0.6776  8
66250.00   0.6121  6
66300.00   0.5236  3
66350.00   0.4968  2
66400.00   0.4700  1
66450.00   0.5514  4
66500.00   0.5514  4
66550.00   0.6448  7
66600.00   0.6121  6
66650.00   0.6121  6
66700.00   0.5813  5
66750.00   0.5514  4
66800.00   0.4968  2
66850.00   0.5514  4
66900.00   0.4700  1
66950.00   0.5514  4
67000.00   0.5236  3
67050.00   0.4700  1
67100.00   0.5813  5
67150.00   0.5813  5
67200.00   0.5813  5
67250.00   0.5813  5
67300.00   0.4968  2
67350.00   0.4700  1
67400.00   0.4968  2
67450.00   0.5514  4
67500.00   0.4700  1
67550.00   0.4700  1
67600.00   0.4700  1
67650.00   0.6121  6
67700.00   0.5514  4
67750.00   0.4700  1
67800.00   0.5514  4
67850.00   0.5514  4
67900.00   0.5813  5
67950.00   0.4700  1
68000.00   0.6121  6
68050.00   0.5236  3
68100.00   0.4700  1
68150.00   0.5236  3
68200.00   0.4968  2
68250.00   0.4700  1
68300.00   0.5514  4
68350.00   0.5813  5
68400.00   0.6121  6
68450.00   0.5514  4
68500.00   0.4968  2
68550.00   0.4968  2
68600.00   0.4968  2
68650.00   0.4968  2
68700.00   0.4700  1
68750.00   0.5514  4
68800.00   0.5514  4
68850.00   0.5236  3
68900.00   0.5514  4
68950.00   0.4968  2
69000.00   0.5514  4
69050.00   0.6121  6
69100.00   0.5813  5
69150.00   0.4968  2
69200.00   0.5813  5
69250.00   0.4968  2
69300.00   0.5236  3
69350.00   0.4968  2
69400.00   0.4700  1
69450.00   0.6121  6
69500.00   0.5813  5
69550.00   0.4968  2
69600.00   0.5236  3
69650.00   0.4700  1
69700.00   0.5813  5
69750.00   0.5236  3
69800.00   0.6448  7
69850.00   0.5514  4
69900.00   0.6448  7
69950.00   0.4700  1
70000.00   0.4968  2
70050.00   0.4700  1
70100.00   0.5813  5
70150.00   0.5236  3
70200.00   0.5514  4
70250.01   0.4968  2
70300.00   0.5514  4
70350.00   0.6121  6
70400.00   0.4700  1
70450.00   0.4700  1
70500.00   0.4968  2
70550.00   0.5236  3
70600.00   0.4968  2
70650.00   0.4700  1
70700.00   0.5514  4
70750.00   0.4968  2
70800.00   0.6448  7
70850.00   0.5514  4
70900.00   0.4968  2
70950.00   0.4700  1
71000.00   0.5514  4
71050.00   0.5813  5
71100.00   0.4700  1
71150.00   0.4700  1
71200.00   0.4968  2
71250.00   0.4700  1
71300.00   0.4700  1
71350.00   0.4700  1
71400.00   0.4700  1
71450.00   0.4968  2
71500.00   0.5236  3
71550.00   0.5236  3
71600.00   0.4700  1
71650.00   0.4700  1
71700.00   0.5813  5
71750.00   0.5236  3
71800.00   0.6121  6
71850.00   0.5236  3
71900.00   0.4968  2
71950.00   0.5236  3
72000.00   0.4968  2
72050.00   0.4700  1
72100.00   0.5236  3
72150.00   0.6121  6
72200.00   0.6121  6
72250.00   0.6448  7
72300.00   0.4700  1
72350.00   0.6121  6
72400.00   0.6121  6
72450.00   0.4700  1
72500.00   0.5514  4
72550.00   0.4968  2
72600.00   0.5514  4
72650.00   0.4700  1
72700.00   0.5514  4
72750.00   0.6121  6
72800.00   0.5236  3
72850.00   0.4700  1
72900.00   0.4700  1
72950.00   0.4968  2
73000.00   0.5236  3
73050.00   0.4700  1
73100.00   0.5236  3
73150.00   0.4700  1
73200.00   0.4968  2
73250.00   0.4968  2
73300.00   0.5514  4
73350.00   0.5236  3
73400.00   0.6121  6
73450.00   0.4700  1
73500.00   0.5813  5
73550.00   0.7134  9
73600.00   0.5813  5
73650.00   0.4700  1
73700.00   0.4968  2
73750.00   0.4700  1
73800.00   0.5236  3
73850.00   0.4700  1
73900.00   0.5236  3
73950.00   0.4968  2
74000.00   0.5236  3
74050.00   0.6121  6
74100.00   0.5813  5
74150.00   0.5514  4
74200.00   0.5236  3
74250.00   0.4700  1
74300.00   0.4700  1
74350.00   0.6121  6
74400.00   0.5813  5
74450.00   0.5514  4
74500.00   0.4700  1
74550.00   0.4968  2
74600.00   0.5236  3
74650.00   0.5813  5
74700.00   0.6121  6
74750.00   0.6776  8
74800.00   0.5236  3
74850.00   0.6448  7
74900.00   0.4968  2
74950.00   0.5236  3
75000.00   0.5813  5
75050.00   0.4700  1
75100.00   0.4968  2
75150.00   0.4700  1
75200.00   0.5514  4
75250.00   0.4968  2
75300.00   0.4968  2
75350.00   0.5236  3
75400.00   0.4700  1
75450.00   0.4968  2
75500.00   0.6121  6
75550.00   0.5813  5
75600.00   0.5236  3
75650.00   0.4968  2
75700.00   0.4700  1
75750.00   0.4700  1
75800.00   0.4700  1
75850.00   0.4700  1
75900.00   0.4700  1
75950.00   0.4700  1
76000.00   0.5236  3
76050.00   0.5514  4
76100.00   0.5236  3
76150.00   0.5514  4
76200.00   0.6448  7
76250.00   0.6448  7
76300.00   0.5236  3
76350.00   0.4968  2
76400.00   0.5236  3
76450.00   0.6121  6
76500.00   0.5813  5
76550.00   0.4700  1
76600.00   0.5514  4
76650.00   0.5813  5
76700.00   0.4968  2
76750.00   0.5236  3
76800.00   0.5514  4
76850.00   0.4700  1
76900.00   0.4700  1
76950.00   0.4700  1
77000.00   0.4700  1
77050.00   0.4700  1
77100.00   0.4968  2
77150.00   0.4700  1
77200.00   0.5813  5
77250.00   0.4700  1
77300.00   0.6448  7
77350.01   0.5514  4
77400.00   0.6121  6
77450.00   0.5813  5
77500.00   0.5236  3
77550.00   0.5514  4
77600.00   0.5813  5
77650.00   0.6776  8
77700.00   0.5236  3
77750.00   0.4968  2
77800.00   0.5813  5
77850.00   0.5813  5
77900.00   0.6121  6
77950.00   0.5236  3
78000.00   0.4700  1
78050.00   0.5236  3
78100.00   0.4968  2
78150.00   0.4700  1
78200.00   0.6121  6
78250.00   0.5236  3
78300.00   0.4700  1
78350.00   0.4700  1
78400.00   0.5514  4
78450.00   0.5514  4
78500.00   0.5514  4
78550.00   0.6776  8
78600.00   0.4700  1
78650.00   0.5514  4
78700.00   0.4700  1
78750.00   0.4700  1
78800.00   0.4700  1
78850.00   0.5514  4
78900.00   0.5514  4
78950.00   0.5813  5
79000.00   0.5813  5
79050.00   0.6121  6
79100.00   0.4968  2
79150.00   0.4968  2
79200.00   0.5514  4
79250.00   0.4968  2
79300.00   0.5236  3
79350.00   0.4700  1
79400.00   0.6121  6
79450.00   0.6448  7
79500.00   0.5813  5
79550.00   0.6121  6
79600.00   0.5813  5
79650.00   0.5514  4
79700.00   0.5813  5
79750.00   0.6448  7
79800.00   0.4968  2
79850.00   0.5514  4
79900.00   0.6121  6
79950.00   0.5514  4
80000.00   0.5236  3
80050.00   0.4968  2
80100.00   0.6121  6
80150.00   0.4968  2
80200.00   0.5813  5
80250.00   0.5236  3
80300.00   0.5236  3
80350.00   0.6121  6
80400.00   0.5813  5
80450.00   0.6121  6
80500.00   0.4968  2
80550.00   0.5813  5
80600.00   0.5236  3
80650.00   0.5236  3
80700.00   0.5514  4
80750.00   0.5514  4
80800.00   0.5514  4
80850.00   0.5813  5
80900.00   0.5236  3
80950.00   0.5514  4
81000.00   0.4968  2
81050.00   0.4968  2
81100.00   0.5236  3
81150.00   0.5236  3
81200.00   0.4968  2
81250.00   0.5236  3
81300.00   0.5813  5
81350.00   0.5813  5
81400.00   0.5236  3
81450.00   0.4700  1
81500.00   0.5514  4
81550.00   0.5514  4
81600.00   0.4700  1
81650.00   0.5813  5
81700.00   0.4700  1
81750.00   0.4968  2
81800.00   0.6121  6
81850.00   0.4700  1
81900.00   0.6448  7
81950.00   0.5813  5
82000.00   0.5813  5
82050.00   0.4700  1
82100.00   0.4700  1
82150.00   0.5236  3
82200.00   0.4700  1
82250.00   0.6448  7
82300.01   0.4700  1
82350.00   0.4968  2
82400.00   0.5514  4
82450.00   0.4700  1
82500.00   0.4700  1
82550.00   0.5813  5
82600.00   0.5813  5
82650.00   0.5514  4
82700.00   0.5236  3
82750.00   0.5514  4
82800.00   0.6448  7
82850.00   0.5236  3
82900.00   0.4968  2
82950.00   0.6121  6
83000.00   0.6121  6
83050.00   0.5236  3
83100.00   0.5813  5
83150.00   0.5514  4
83200.00   0.4700  1
83250.00   0.4968  2
83300.00   0.4700  1
83350.00   0.6121  6
83400.00   0.5514  4
83450.00   0.4700  1
83500.00   0.5236  3
83550.00   0.4700  1
83600.00   0.4700  1
83650.00   0.5514  4
83700.00   0.6121  6
83750.00   0.6121  6
83800.00   0.5813  5
83850.00   0.4700  1
83900.01   0.5514  4
83950.00   0.5236  3
84000.00   0.5813  5
84050.00   0.4700  1
84100.00   0.5514  4
84150.00   0.5236  3
84200.00   0.5813  5
84250.00   0.4968  2
84300.00   0.5813  5
84350.00   0.4700  1
84400.00   0.4700  1
84450.00   0.6121  6
84500.00   0.4968  2
84550.00   0.4700  1
84600.00   0.5813  5
84650.00   0.5514  4
84700.00   0.5236  3
84750.00   0.4700  1
84800.00   0.6121  6
84850.00   0.5236  3
84900.01   0.5236  3
84950.00   0.4968  2
85000.00   0.5236  3
85050.00   0.6776  8
85100.00   0.6776  8
85150.00   0.4700  1
85200.00   0.4700  1
85250.00   0.5236  3
85300.00   0.4700  1
85350.00   0.4700  1
85400.00   0.5236  3
85450.00   0.5236  3
85500.00   0.4700  1
85550.00   0.5813  5
85600.00   0.5514  4
85650.00   0.5236  3
85700.00   0.5236  3
85750.00   0.4700  1
85800.00   0.5514  4
85850.00   0.5813  5
85900.00   0.4700  1
85950.00   0.4968  2
86000.00   0.5514  4
86050.00   0.6121  6
86100.00   0.4968  2
86150.00   0.5236  3
86200.00   0.5514  4
86250.00   0.4700  1
86300.00   0.4700  1
86350.00   0.4700  1
86400.00   0.4700  1
86450.00   0.6121  6
86500.00   0.6448  7
86550.00   0.5236  3
86600.00   0.5514  4
86650.00   0.5813  5
86700.00   0.5813  5
86750.00   0.4968  2
86800.00   0.6448  7
86850.00   0.5236  3
86900.00   0.5236  3
86950.00   0.5236  3
87000.00   0.5236  3
87050.00   0.6121  6
87100.00   0.5514  4
87150.00   0.4968  2
87200.00   0.5236  3
87250.00   0.4700  1
87300.00   0.4968  2
87350.00   0.4700  1
87400.00   0.4968  2
87450.00   0.4700  1
87500.00   0.5236  3
87550.00   0.4968  2
87600.00   0.5236  3
87650.00   0.5514  4
87700.00   0.5236  3
87750.00   0.5514  4
87800.00   0.4700  1
87850.00   0.4700  1
87900.00   0.5813  5
87950.00   0.4968  2
88000.00   0.4700  1
88050.00   0.4968  2
88100.00   0.4968  2
88150.00   0.6448  7
88200.00   0.5236  3
88250.00   0.5236  3
88300.00   0.4700  1
88350.00   0.4968  2
88400.00   0.4700  1
88450.00   0.6121  6
88500.00   0.6448  7
88550.00   0.5813  5
88600.00   0.4700  1
88650.00   0.5813  5
88700.00   0.4968  2
88750.00   0.6121  6
88800.00   0.5813  5
88850.00   0.4968  2
88900.00   0.6776  8
88950.00   0.4968  2
89000.00   0.5813  5
89050.00   0.6448  7
89100.00   0.6448  7
89150.00   0.5236  3
89200.00   0.4700  1
89250.00   0.4968  2
89300.00   0.4700  1
89350.00   0.4700  1
89400.00   0.5514  4
89450.00   0.4700  1
89500.00   0.4700  1
89550.00   0.4968  2
89600.00   0.4700  1
89650.00   0.5813  5
89700.00   0.5813  5
89750.00   0.6448  7
89800.00   0.6448  7
89850.00   0.7134  9
89900.00   0.4968  2
89950.00   0.6121  6
90000.00   0.5813  5
90050.00   0.6448  7
90100.00   0.5514  4
90150.00   0.5236  3
90200.00   0.4968  2
90250.00   0.4700  1
90300.00   0.5236  3
90350.00   0.6121  6
90400.00   0.6121  6
90450.00   0.6121  6
90500.00   0.6448  7
90550.00   0.5813  5
90600.00   0.4700  1
90650.00   0.6448  7
90700.00   0.6121  6
90750.00   0.6121  6
90800.00   0.5813  5
90850.00   0.7869 11
90900.00   0.5813  5
90950.00   0.6448  7
91000.00   0.5813  5
91050.00   0.5813  5
91100.00   0.6121  6
91150.00   0.6448  7
91200.00   0.6448  7
91250.00   0.6448  7
91300.00   0.5514  4
91350.00   0.4968  2
91400.00   0.5514  4
91450.00   0.6121  6
91500.00   0.6448  7
91550.00   0.5813  5
91600.00   0.6121  6
91650.00   0.6121  6
91700.00   0.6121  6
91750.00   0.5813  5
91800.00   0.5813  5
91850.00   0.4968  2
91900.00   0.5813  5
91950.00   0.5514  4
92000.00   0.5514  4
92050.00   0.6121  6
92100.00   0.5514  4
92150.00   0.5813  5
92200.00   0.6448  7
92250.00   0.6448  7
92300.00   0.4968  2
92350.00   0.5236  3
92400.00   0.6121  6
92450.00   0.5514  4
92500.00   0.6448  7
92550.00   0.5813  5
92600.00   0.6448  7
92650.00   0.6448  7
92700.00   0.5813  5
92750.00   0.6121  6
92800.00   0.6448  7
92850.00   0.6121  6
92900.00   0.5514  4
92950.00   0.4968  2
93000.00   0.6448  7
93050.00   0.6121  6
93100.00   0.6448  7
93150.00   0.6448  7
93200.00   0.5813  5
93250.00   0.5514  4
93300.00   0.5813  5
93350.00   0.6121  6
93400.00   0.7492 10
93450.00   0.4700  1
93500.00   0.4700  1
93550.00   0.4700  1
93600.00   0.6448  7
93650.00   0.5514  4
93700.00   0.4700  1
93750.00   0.5236  3
93800.00   0.4700  1
93850.00   0.4968  2
93900.00   0.5514  4
93950.00   0.5514  4
94000.00   0.4700  1
94050.00   0.4700  1
94100.01   0.5813  5
94150.00   0.5514  4
94200.00   0.5514  4
94250.00   0.6448  7
94300.00   0.5236  3
94350.00   0.5813  5
94400.00   0.5813  5
94450.00   0.6121  6
94500.00   0.6776  8
94550.00   0.6448  7
94600.00   0.5813  5
94650.00   0.6121  6
94700.00   0.6448  7
94750.00   0.5514  4
94800.00   0.6121  6
94850.00   0.5514  4
94900.00   0.5236  3
94950.00   0.5813  5
95000.00   0.5514  4
95050.00   0.4700  1
95100.01   0.5514  4
95150.00   0.4968  2
95200.00   0.5236  3
95250.00   0.4700  1
95300.00   0.6448  7
95350.00   0.5236  3
95400.00   0.6121  6
95450.00   0.6448  7
95500.00   0.5813  5
95550.00   0.5813  5
95600.00   0.5514  4
95650.00   0.6121  6
95700.00   0.5813  5
95750.00   0.5236  3
95800.00   0.6776  8
95850.00   0.6121  6
95900.00   0.6448  7
95950.00   0.6448  7
96000.00   0.7134  9
96050.00   0.5813  5
96100.00   0.6448  7
96150.00   0.5813  5
96200.00   0.5514  4
96250.00   0.6448  7
96300.00   0.6448  7
96350.00   0.4700  1
96400.00   0.6448  7
96450.00   0.5514  4
96500.00   0.6121  6
96550.00   0.5813  5
96600.00   0.4968  2
96650.00   0.6121  6
96700.00   0.4968  2
96750.00   0.5813  5
96800.00   0.6776  8
96850.00   0.6121  6
96900.00   0.6121  6
96950.00   0.6121  6
97000.00   0.6121  6
97050.00   0.5514  4
97100.00   0.5813  5
97150.00   0.6448  7
97200.00   0.6121  6
97250.00   0.5813  5
97300.00   0.4968  2
97350.00   0.5813  5
97400.00   0.5514  4
97450.00   0.4700  1
97500.01   0.4968  2
97550.00   0.5236  3
97600.00   0.4968  2
97650.01   0.5813  5
97700.00   0.5813  5
97750.00   0.6121  6
97800.00   0.6776  8
97850.00   0.6448  7
97900.00   0.5813  5
97950.00   0.5514  4
98000.00   0.6448  7
98050.00   0.6121  6
98100.00   0.5514  4
98150.00   0.5236  3
98200.00   0.6448  7
98250.00   0.6121  6
98300.00   0.5813  5
98350.00   0.5514  4
98400.00   0.7492 10
98450.00   0.5514  4
98500.00   0.5236  3
98550.00   0.6448  7
98600.00   0.5236  3
98650.00   0.5813  5
98700.00   0.5813  5
98750.00   0.6121  6
98800.00   0.5813  5
98850.00   0.5813  5
98900.00   0.5514  4
98950.00   0.5813  5
99000.00   0.6448  7
99050.00   0.6448  7
99100.00   0.6448  7
99150.00   0.6121  6
99200.00   0.5813  5
99250.00   0.5514  4
99300.00   0.5514  4
99350.00   0.6121  6
99400.00   0.6121  6
99450.00   0.6121  6
99500.00   0.4700  1
99550.00   0.5236  3
99600.00   0.7134  9
99650.00   0.4968  2
99700.00   0.4968  2
99750.00   0.6448  7
99800.00   0.6121  6
99850.00   0.6448  7
99900.00   0.6121  6
99950.00   0.5236  3
100000.00   0.6448  7
