50.00   0.6448  7
100.00   0.5813  5
150.00   0.6121  6
200.00   0.6448  7
250.00   0.5813  5
300.00   0.5813  5
350.00   0.4968  2
400.00   0.4968  2
450.00   0.6448  7
500.00   0.5514  4
550.00   0.5236  3
600.00   0.5236  3
650.01   0.6448  7
700.00   0.6448  7
750.00   0.6121  6
800.00   0.5514  4
850.00   0.5514  4
900.00   0.5236  3
950.00   0.6121  6
1000.00   0.6448  7
1050.00   0.6448  7
1100.00   0.4700  1
1150.00   0.6121  6
1200.00   0.5514  4
1250.00   0.5813  5
1300.00   0.4700  1
1350.00   0.6121  6
1400.00   0.4700  1
1450.00   0.5514  4
1500.00   0.5236  3
1550.00   0.4968  2
1600.00   0.4700  1
1650.01   0.4968  2
1700.00   0.4700  1
1750.00   0.5236  3
1800.00   0.4968  2
1850.00   0.4700  1
1900.00   0.5236  3
1950.00   0.4968  2
2000.00   0.5514  4
2050.00   0.5813  5
2100.00   0.5236  3
2150.00   0.5514  4
2200.00   0.4700  1
2250.00   0.4700  1
2300.00   0.5236  3
2350.00   0.5514  4
2400.00   0.4700  1
2450.00   0.5813  5
2500.00   0.5813  5
2550.00   0.4968  2
2600.00   0.4700  1
2650.00   0.5236  3
2700.00   0.4700  1
2750.00   0.4968  2
2800.00   0.4700  1
2850.00   0.4700  1
2900.00   0.5514  4
2950.00   0.4968  2
3000.00   0.4968  2
3050.00   0.5236  3
3100.00   0.5514  4
3150.00   0.5813  5
3200.00   0.5514  4
3250.00   0.5514  4
3300.00   0.5514  4
3350.00   0.5236  3
3400.00   0.4700  1
3450.00   0.5236  3
3500.00   0.5236  3
3550.00   0.4968  2
3600.00   0.4700  1
3650.00   0.5236  3
3700.00   0.5813  5
3750.00   0.5514  4
3800.00   0.5236  3
3850.00   0.5813  5
3900.00   0.5236  3
3950.00   0.5236  3
4000.00   0.5514  4
4050.00   0.4700  1
4100.00   0.5813  5
4150.00   0.5813  5
4200.00   0.5236  3
4250.00   0.6776  8
4300.00   0.5236  3
4350.00   0.4968  2
4400.00   0.6776  8
4450.00   0.4968  2
4500.00   0.4700  1
4550.00   0.6776  8
4600.00   0.4700  1
4650.00   0.4700  1
4700.00   0.4700  1
4750.00   0.5514  4
4800.00   0.4968  2
4850.00   0.4968  2
4900.00   0.5813  5
4950.00   0.5813  5
5000.00   0.4968  2
5050.00   0.5813  5
5100.00   0.4700  1
5150.01   0.5514  4
5200.00   0.4700  1
5250.00   0.4700  1
5300.00   0.4700  1
5350.00   0.4968  2
5400.00   0.4700  1
5450.00   0.5236  3
5500.00   0.5514  4
5550.00   0.5236  3
5600.00   0.5514  4
5650.00   0.5514  4
5700.00   0.5514  4
5750.00   0.5514  4
5800.00   0.5236  3
5850.00   0.5236  3
5900.00   0.5236  3
5950.00   0.4968  2
6000.00   0.4700  1
6050.00   0.5514  4
6100.00   0.5514  4
6150.00   0.6776  8
6200.00   0.4700  1
6250.00   0.4968  2
6300.00   0.4700  1
6350.00   0.4968  2
6400.00   0.5813  5
6450.00   0.4700  1
6500.00   0.4968  2
6550.00   0.5514  4
6600.00   0.6121  6
6650.00   0.5813  5
6700.00   0.4700  1
6750.00   0.5236  3
6800.00   0.5514  4
6850.00   0.5236  3
6900.00   0.4968  2
6950.00   0.5813  5
7000.00   0.4968  2
7050.00   0.4968  2
7100.00   0.4968  2
7150.00   0.5236  3
7200.00   0.5514  4
7250.00   0.5514  4
7300.00   0.4700  1
7350.00   0.4700  1
7400.00   0.5236  3
7450.00   0.5514  4
7500.01   0.5236  3
7550.00   0.5813  5
7600.00   0.5813  5
7650.00   0.6121  6
7700.00   0.5813  5
7750.00   0.4968  2
7800.00   0.5514  4
7850.00   0.5514  4
7900.00   0.5236  3
7950.00   0.4700  1
8000.00   0.5514  4
8050.00   0.6121  6
8100.00   0.5813  5
8150.00   0.5514  4
8200.00   0.5813  5
8250.00   0.5813  5
8300.00   0.6448  7
8350.00   0.5514  4
8400.00   0.4700  1
8450.00   0.5514  4
8500.00   0.5236  3
8550.00   0.5236  3
8600.00   0.4700  1
8650.00   0.4700  1
8700.00   0.4968  2
8750.00   0.4700  1
8800.00   0.5514  4
8850.00   0.4968  2
8900.00   0.6121  6
8950.00   0.5236  3
9000.00   0.5813  5
9050.00   0.4700  1
9100.00   0.5514  4
9150.00   0.5236  3
9200.00   0.4968  2
9250.00   0.4700  1
9300.00   0.6121  6
9350.00   0.4968  2
9400.00   0.4700  1
9450.00   0.5236  3
9500.00   0.6448  7
9550.00   0.5813  5
9600.01   0.5236  3
9650.00   0.5236  3
9700.00   0.4968  2
9750.00   0.5236  3
9800.00   0.4700  1
9850.00   0.4968  2
9900.00   0.6448  7
9950.00   0.5813  5
10000.00   0.5514  4
10050.00   0.6448  7
10100.00   0.5813  5
10150.00   0.4700  1
10200.00   0.4700  1
10250.00   0.4700  1
10300.00   0.5813  5
10350.00   0.5514  4
10400.00   0.4700  1
10450.00   0.4700  1
10500.00   0.6448  7
10550.00   0.6448  7
10600.00   0.5514  4
10650.00   0.5236  3
10700.00   0.5514  4
10750.00   0.5236  3
10800.00   0.4968  2
10850.00   0.4700  1
10900.00   0.6121  6
10950.00   0.4968  2
11000.00   0.4968  2
11050.00   0.4968  2
11100.00   0.4700  1
11150.00   0.4700  1
11200.00   0.4968  2
11250.00   0.4700  1
11300.00   0.5514  4
11350.00   0.6776  8
11400.00   0.6776  8
11450.00   0.5514  4
11500.00   0.4968  2
11550.00   0.6121  6
11600.00   0.5514  4
11650.00   0.4968  2
11700.00   0.5813  5
11750.00   0.4700  1
11800.00   0.5236  3
11850.00   0.6121  6
11900.00   0.4700  1
11950.00   0.4700  1
12000.00   0.4968  2
12050.00   0.6448  7
12100.00   0.4968  2
12150.00   0.4968  2
12200.00   0.4700  1
12250.00   0.5514  4
12300.00   0.5813  5
12350.00   0.4968  2
12400.00   0.4700  1
12450.00   0.5813  5
12500.00   0.5236  3
12550.00   0.4968  2
12600.00   0.4968  2
12650.00   0.4700  1
12700.00   0.4700  1
12750.00   0.5514  4
12800.00   0.4968  2
12850.00   0.5813  5
12900.00   0.4968  2
12950.00   0.5514  4
13000.00   0.4968  2
13050.00   0.4700  1
13100.00   0.5514  4
13150.00   0.4968  2
13200.00   0.4968  2
13250.00   0.4700  1
13300.00   0.6121  6
13350.00   0.5236  3
13400.00   0.4968  2
13450.00   0.5236  3
13500.00   0.5514  4
13550.00   0.4968  2
13600.00   0.5514  4
13650.00   0.5236  3
13700.00   0.5236  3
13750.00   0.4968  2
13800.00   0.5514  4
13850.00   0.5813  5
13900.00   0.4968  2
13950.00   0.5514  4
14000.00   0.5236  3
14050.00   0.6121  6
14100.00   0.4968  2
14150.00   0.4700  1
14200.00   0.5236  3
14250.00   0.4700  1
14300.00   0.5236  3
14350.00   0.6121  6
14400.00   0.5236  3
14450.00   0.4968  2
14500.00   0.5236  3
14550.00   0.5514  4
14600.00   0.4968  2
14650.00   0.6121  6
14700.00   0.4968  2
14750.00   0.5236  3
14800.00   0.5514  4
14850.00   0.4968  2
14900.01   0.4968  2
14950.00   0.5514  4
15000.00   0.4700  1
15050.00   0.5813  5
15100.00   0.5236  3
15150.00   0.4968  2
15200.00   0.5514  4
15250.00   0.6776  8
15300.00   0.6448  7
15350.00   0.4700  1
15400.00   0.4968  2
15450.00   0.4700  1
15500.00   0.5813  5
15550.00   0.4968  2
15600.00   0.5236  3
15650.00   0.5514  4
15700.00   0.5514  4
15750.00   0.5236  3
15800.00   0.4968  2
15850.00   0.6121  6
15900.00   0.5236  3
15950.01   0.5514  4
16000.00   0.5813  5
16050.00   0.5236  3
16100.00   0.5813  5
16150.00   0.5236  3
16200.00   0.4700  1
16250.01   0.5514  4
16300.00   0.4968  2
16350.00   0.5514  4
16400.00   0.6121  6
16450.00   0.5514  4
16500.00   0.4700  1
16550.00   0.4968  2
16600.00   0.4700  1
16650.00   0.4700  1
16700.00   0.5813  5
16750.00   0.6448  7
16800.00   0.5236  3
16850.00   0.6121  6
16900.00   0.4700  1
16950.00   0.4968  2
17000.00   0.5236  3
17050.00   0.4968  2
17100.00   0.4968  2
17150.00   0.5514  4
17200.00   0.5514  4
17250.00   0.5514  4
17300.00   0.5514  4
17350.00   0.4700  1
17400.00   0.4700  1
17450.00   0.6121  6
17500.00   0.5236  3
17550.00   0.5813  5
17600.00   0.4700  1
17650.00   0.5514  4
17700.00   0.5514  4
17750.00   0.6121  6
17800.00   0.5514  4
17850.00   0.4968  2
17900.00   0.4968  2
17950.00   0.5236  3
18000.00   0.5236  3
18050.00   0.4968  2
18100.00   0.6121  6
18150.00   0.6121  6
18200.00   0.5236  3
18250.00   0.4700  1
18300.00   0.4968  2
18350.00   0.4968  2
18400.00   0.5514  4
18450.00   0.4700  1
18500.00   0.6121  6
18550.00   0.4700  1
18600.00   0.5514  4
18650.00   0.5514  4
18700.00   0.5236  3
18750.00   0.4700  1
18800.00   0.4968  2
18850.00   0.4700  1
18900.00   0.4968  2
18950.00   0.5236  3
19000.00   0.4968  2
19050.00   0.4968  2
19100.00   0.5236  3
19150.00   0.4700  1
19200.00   0.4700  1
19250.00   0.6448  7
19300.00   0.6121  6
19350.00   0.5236  3
19400.00   0.5236  3
19450.00   0.4700  1
19500.00   0.4968  2
19550.00   0.4700  1
19600.00   0.5514  4
19650.00   0.5236  3
19700.00   0.7134  9
19750.00   0.5236  3
19800.00   0.5514  4
19850.00   0.4968  2
19900.00   0.4968  2
19950.00   0.4700  1
20000.00   0.6121  6
20050.00   0.6448  7
20100.00   0.5813  5
20150.00   0.5514  4
20200.00   0.4968  2
20250.00   0.5514  4
20300.00   0.4700  1
20350.00   0.6448  7
20400.00   0.4700  1
20450.00   0.5236  3
20500.00   0.4700  1
20550.01   0.6121  6
20600.00   0.6121  6
20650.00   0.5813  5
20700.00   0.6121  6
20750.00   0.6121  6
20800.00   0.4968  2
20850.00   0.5236  3
20900.00   0.4968  2
20950.00   0.5813  5
21000.00   0.5236  3
21050.00   0.5236  3
21100.00   0.5813  5
21150.00   0.4700  1
21200.00   0.4700  1
21250.00   0.4968  2
21300.00   0.6448  7
21350.00   0.6121  6
21400.00   0.4968  2
21450.00   0.4968  2
21500.00   0.6121  6
21550.00   0.6448  7
21600.00   0.6121  6
21650.00   0.4968  2
21700.00   0.5813  5
21750.00   0.6121  6
21800.00   0.4700  1
21850.00   0.4700  1
21900.00   0.6121  6
21950.00   0.5813  5
22000.00   0.5514  4
22050.00   0.5813  5
22100.00   0.4968  2
22150.00   0.6776  8
22200.00   0.5813  5
22250.00   0.4700  1
22300.00   0.5514  4
22350.00   0.4968  2
22400.00   0.5236  3
22450.00   0.6121  6
22500.00   0.6121  6
22550.00   0.4700  1
22600.00   0.4968  2
22650.00   0.6448  7
22700.00   0.5813  5
22750.00   0.6448  7
22800.00   0.5236  3
22850.00   0.4700  1
22900.01   0.5813  5
22950.00   0.5236  3
23000.00   0.6448  7
23050.00   0.5813  5
23100.00   0.6448  7
23150.00   0.6448  7
23200.00   0.4968  2
23250.00   0.4700  1
23300.00   0.6121  6
23350.00   0.5236  3
23400.00   0.5514  4
23450.00   0.4700  1
23500.00   0.5813  5
23550.00   0.6121  6
23600.00   0.5236  3
23650.00   0.5514  4
23700.00   0.4968  2
23750.00   0.5813  5
23800.00   0.5236  3
23850.00   0.5813  5
23900.00   0.4700  1
23950.00   0.4968  2
24000.00   0.5236  3
24050.00   0.6121  6
24100.00   0.4968  2
24150.00   0.4700  1
24200.00   0.4700  1
24250.00   0.4700  1
24300.00   0.5514  4
24350.00   0.4968  2
24400.01   0.6448  7
24450.01   0.4968  2
24500.00   0.5514  4
24550.00   0.6121  6
24600.00   0.6776  8
24650.00   0.5813  5
24700.00   0.5514  4
24750.00   0.4700  1
24800.00   0.5514  4
24850.00   0.5813  5
24900.00   0.6121  6
24950.00   0.5236  3
25000.00   0.5514  4
25050.00   0.4968  2
25100.00   0.5236  3
25150.00   0.4968  2
25200.00   0.4700  1
25250.00   0.4968  2
25300.00   0.5236  3
25350.00   0.5813  5
25400.00   0.5813  5
25450.00   0.4700  1
25500.00   0.4700  1
25550.00   0.4700  1
25600.00   0.4968  2
25650.00   0.4700  1
25700.00   0.5514  4
25750.00   0.5813  5
25800.00   0.4968  2
25850.00   0.6448  7
25900.00   0.4700  1
25950.00   0.6121  6
26000.00   0.6121  6
26050.00   0.5236  3
26100.00   0.6776  8
26150.00   0.4700  1
26200.00   0.4968  2
26250.00   0.4968  2
26300.00   0.5236  3
26350.00   0.4968  2
26400.00   0.4968  2
26450.00   0.4700  1
26500.00   0.4968  2
26550.00   0.5236  3
26600.00   0.5813  5
26650.00   0.4700  1
26700.00   0.6121  6
26750.00   0.6448  7
26800.00   0.6448  7
26850.00   0.6121  6
26900.00   0.4700  1
26950.00   0.5813  5
27000.00   0.5236  3
27050.00   0.5236  3
27100.00   0.4700  1
27150.00   0.5236  3
27200.00   0.5813  5
27250.00   0.4968  2
27300.00   0.6448  7
27350.00   0.5813  5
27400.00   0.6776  8
27450.00   0.5813  5
27500.00   0.4700  1
27550.00   0.6121  6
27600.00   0.4968  2
27650.00   0.6776  8
27700.00   0.6448  7
27750.00   0.4968  2
27800.00   0.5813  5
27850.00   0.5813  5
27900.00   0.5813  5
27950.00   0.5514  4
28000.00   0.4700  1
28050.00   0.6776  8
28100.00   0.5514  4
28150.00   0.4700  1
28200.00   0.5514  4
28250.00   0.5514  4
28300.00   0.4700  1
28350.00   0.5236  3
28400.00   0.4700  1
28450.00   0.7134  9
28500.00   0.6121  6
28550.00   0.5236  3
28600.00   0.5514  4
28650.00   0.6448  7
28700.00   0.5236  3
28750.00   0.4968  2
28800.00   0.4968  2
28850.00   0.6448  7
28900.00   0.6448  7
28950.00   0.4700  1
29000.00   0.4968  2
29050.00   0.4700  1
29100.00   0.5514  4
29150.00   0.4968  2
29200.00   0.4968  2
29250.00   0.4700  1
29300.00   0.5813  5
29350.00   0.5514  4
29400.00   0.4968  2
29450.00   0.4700  1
29500.00   0.5813  5
29550.00   0.5514  4
29600.00   0.4700  1
29650.00   0.4968  2
29700.01   0.4700  1
29750.00   0.5236  3
29800.00   0.5236  3
29850.00   0.4968  2
29900.00   0.4968  2
29950.00   0.6121  6
30000.00   0.6121  6
30050.00   0.5514  4
30100.00   0.6776  8
30150.00   0.6448  7
30200.00   0.6121  6
30250.00   0.5813  5
30300.00   0.5236  3
30350.00   0.5813  5
30400.00   0.4968  2
30450.00   0.4700  1
30500.00   0.6776  8
30550.00   0.4968  2
30600.00   0.6448  7
30650.00   0.5514  4
30700.00   0.5813  5
30750.00   0.6121  6
30800.00   0.6121  6
30850.00   0.5236  3
30900.00   0.6776  8
30950.00   0.5813  5
31000.00   0.6448  7
31050.00   0.6448  7
31100.00   0.4700  1
31150.00   0.4968  2
31200.00   0.5236  3
31250.00   0.5236  3
31300.00   0.4968  2
31350.00   0.6121  6
31400.01   0.5236  3
31450.00   0.5514  4
31500.00   0.4968  2
31550.00   0.4968  2
31600.00   0.4968  2
31650.00   0.4968  2
31700.00   0.5236  3
31750.00   0.4968  2
31800.00   0.6776  8
31850.00   0.6121  6
31900.00   0.6448  7
31950.00   0.4700  1
32000.00   0.5236  3
32050.00   0.6121  6
32100.00   0.5236  3
32150.00   0.6121  6
32200.00   0.4968  2
32250.00   0.5813  5
32300.00   0.4968  2
32350.00   0.5236  3
32400.00   0.4968  2
32450.00   0.4700  1
32500.00   0.6448  7
32550.00   0.5514  4
32600.00   0.6121  6
32650.00   0.6448  7
32700.00   0.6448  7
32750.00   0.6121  6
32800.00   0.4700  1
32850.00   0.4968  2
32900.00   0.6776  8
32950.00   0.4968  2
33000.00   0.5813  5
33050.00   0.4968  2
33100.00   0.5514  4
33150.00   0.5813  5
33200.00   0.6121  6
33250.00   0.6448  7
33300.00   0.5514  4
33350.00   0.4700  1
33400.00   0.4968  2
33450.00   0.4700  1
33500.00   0.6121  6
33550.00   0.5236  3
33600.00   0.5236  3
33650.00   0.6121  6
33700.00   0.5813  5
33750.00   0.4700  1
33800.00   0.5514  4
33850.00   0.5236  3
33900.00   0.5514  4
33950.00   0.5514  4
34000.00   0.5236  3
34050.00   0.5514  4
34100.00   0.5813  5
34150.00   0.4700  1
34200.00   0.4968  2
34250.00   0.5514  4
34300.00   0.4968  2
34350.00   0.6776  8
34400.00   0.6776  8
34450.00   0.6121  6
34500.00   0.4700  1
34550.00   0.4968  2
34600.00   0.4968  2
34650.00   0.6776  8
34700.00   0.6448  7
34750.00   0.6776  8
34800.00   0.5236  3
34850.00   0.4700  1
34900.00   0.5236  3
34950.00   0.6121  6
35000.00   0.4700  1
35050.00   0.5236  3
35100.00   0.6776  8
35150.00   0.4968  2
35200.00   0.5514  4
35250.00   0.5514  4
35300.00   0.4968  2
35350.00   0.4700  1
35400.00   0.4968  2
35450.00   0.6448  7
35500.00   0.5236  3
35550.00   0.6448  7
35600.00   0.5236  3
35650.00   0.6448  7
35700.00   0.4968  2
35750.00   0.6776  8
35800.00   0.6448  7
35850.00   0.4968  2
35900.00   0.4968  2
35950.00   0.6121  6
36000.00   0.5813  5
36050.00   0.5236  3
36100.00   0.6121  6
36150.00   0.5514  4
36200.00   0.6448  7
36250.00   0.5813  5
36300.00   0.6448  7
36350.00   0.4968  2
36400.00   0.5514  4
36450.00   0.5514  4
36500.00   0.5813  5
36550.01   0.6448  7
36600.00   0.5236  3
36650.00   0.6448  7
36700.00   0.5514  4
36750.00   0.4968  2
36800.00   0.5813  5
36850.00   0.4968  2
36900.00   0.5236  3
36950.00   0.6448  7
37000.00   0.5236  3
37050.00   0.6448  7
37100.00   0.4968  2
37150.00   0.4968  2
37200.00   0.5236  3
37250.00   0.4700  1
37300.00   0.5236  3
37350.00   0.4968  2
37400.00   0.6776  8
37450.00   0.5514  4
37500.00   0.5813  5
37550.00   0.4968  2
37600.00   0.5514  4
37650.00   0.5813  5
37700.00   0.5514  4
37750.00   0.4700  1
37800.00   0.5236  3
37850.00   0.5514  4
37900.00   0.6448  7
37950.00   0.5813  5
38000.00   0.6776  8
38050.00   0.4968  2
38100.00   0.5236  3
38150.00   0.4968  2
38200.00   0.6121  6
38250.00   0.6448  7
38300.00   0.5514  4
38350.00   0.6121  6
38400.00   0.5514  4
38450.00   0.5813  5
38500.00   0.6121  6
38550.00   0.4968  2
38600.00   0.6121  6
38650.00   0.6121  6
38700.00   0.6121  6
38750.00   0.4700  1
38800.00   0.5236  3
38850.00   0.5236  3
38900.00   0.5236  3
38950.00   0.4700  1
39000.00   0.4968  2
39050.00   0.6776  8
39100.00   0.4968  2
39150.00   0.4700  1
39200.00   0.5813  5
39250.00   0.5813  5
39300.00   0.5813  5
39350.00   0.4700  1
39400.00   0.5236  3
39450.00   0.5236  3
39500.00   0.4700  1
39550.00   0.5514  4
39600.00   0.4968  2
39650.00   0.4968  2
39700.00   0.5236  3
39750.00   0.4700  1
39800.00   0.6776  8
39850.00   0.7492 10
39900.00   0.5514  4
39950.00   0.6121  6
40000.00   0.5514  4
40050.00   0.5514  4
40100.00   0.4700  1
40150.00   0.6776  8
40200.00   0.4700  1
40250.00   0.6121  6
40300.00   0.6448  7
40350.00   0.6448  7
40400.00   0.6121  6
40450.00   0.6121  6
40500.00   0.4700  1
40550.00   0.4700  1
40600.01   0.4968  2
40650.00   0.5514  4
40700.00   0.5514  4
40750.00   0.6448  7
40800.00   0.5236  3
40850.00   0.6448  7
40900.00   0.5236  3
40950.00   0.4700  1
41000.00   0.5813  5
41050.00   0.5813  5
41100.00   0.6448  7
41150.00   0.5514  4
41200.00   0.5236  3
41250.00   0.5514  4
41300.00   0.5236  3
41350.00   0.6448  7
41400.00   0.4700  1
41450.00   0.4700  1
41500.00   0.4700  1
41550.00   0.4700  1
41600.00   0.5236  3
41650.00   0.4968  2
41700.00   0.5813  5
41750.00   0.6121  6
41800.00   0.4700  1
41850.00   0.4968  2
41900.00   0.4968  2
41950.00   0.5514  4
42000.00   0.5236  3
42050.00   0.6776  8
42100.00   0.6121  6
42150.00   0.6448  7
42200.00   0.6448  7
42250.00   0.6776  8
42300.00   0.5514  4
42350.00   0.6776  8
42400.00   0.7134  9
42450.00   0.6776  8
42500.00   0.7492 10
42550.00   0.6448  7
42600.00   0.6121  6
42650.00   0.4700  1
42700.00   0.5514  4
42750.00   0.6448  7
42800.00   0.6776  8
42850.00   0.7134  9
42900.00   0.6776  8
42950.00   0.6448  7
43000.00   0.6448  7
43050.00   0.6448  7
43100.00   0.6776  8
43150.00   0.5514  4
43200.00   0.6121  6
43250.00   0.4968  2
43300.00   0.5514  4
43350.00   0.5236  3
43400.00   0.4700  1
43450.00   0.5514  4
43500.00   0.6448  7
43550.00   0.7134  9
43600.00   0.4700  1
43650.00   0.4968  2
43700.00   0.5236  3
43750.00   0.4700  1
43800.00   0.6121  6
43850.00   0.6121  6
43900.00   0.6448  7
43950.00   0.4968  2
44000.00   0.4700  1
44050.00   0.4968  2
44100.00   0.5514  4
44150.00   0.5514  4
44200.00   0.4968  2
44250.00   0.4968  2
44300.00   0.6121  6
44350.00   0.5236  3
44400.00   0.4700  1
44450.00   0.4700  1
44500.00   0.6448  7
44550.00   0.5514  4
44600.00   0.5813  5
44650.00   0.5514  4
44700.01   0.5813  5
44750.00   0.5514  4
44800.00   0.6448  7
44850.00   0.5236  3
44900.00   0.5514  4
44950.00   0.5236  3
45000.00   0.5514  4
45050.00   0.4700  1
45100.00   0.6121  6
45150.00   0.6448  7
45200.00   0.5236  3
45250.00   0.6448  7
45300.00   0.4968  2
45350.00   0.6448  7
45400.00   0.5236  3
45450.00   0.5813  5
45500.00   0.6121  6
45550.00   0.5813  5
45600.00   0.6121  6
45650.00   0.5813  5
45700.00   0.6121  6
45750.00   0.5514  4
45800.00   0.6121  6
45850.00   0.5236  3
45900.00   0.4968  2
45950.00   0.5514  4
46000.00   0.4700  1
46050.00   0.5813  5
46100.00   0.5514  4
46150.00   0.4700  1
46200.00   0.5236  3
46250.00   0.6448  7
46300.00   0.5236  3
46350.01   0.5236  3
46400.00   0.5236  3
46450.00   0.5514  4
46500.00   0.4700  1
46550.00   0.5514  4
46600.00   0.6121  6
46650.01   0.5236  3
46700.00   0.5236  3
46750.01   0.5236  3
46800.00   0.4700  1
46850.00   0.4968  2
46900.01   0.5514  4
46950.00   0.6448  7
47000.00   0.6448  7
47050.00   0.7134  9
47100.00   0.5813  5
47150.00   0.5236  3
47200.00   0.5813  5
47250.00   0.4968  2
47300.00   0.6448  7
47350.00   0.4700  1
47400.00   0.5236  3
47450.00   0.5236  3
47500.00   0.6776  8
47550.00   0.5813  5
47600.00   0.6448  7
47650.00   0.5813  5
47700.00   0.6121  6
47750.00   0.4968  2
47800.00   0.4968  2
47850.00   0.5514  4
47900.00   0.6776  8
47950.00   0.4968  2
48000.00   0.5236  3
48050.00   0.6121  6
48100.00   0.6121  6
48150.00   0.5236  3
48200.00   0.4700  1
48250.00   0.6448  7
48300.00   0.6448  7
48350.00   0.4700  1
48400.00   0.4968  2
48450.00   0.4700  1
48500.00   0.4700  1
48550.00   0.6448  7
48600.00   0.5236  3
48650.00   0.5236  3
48700.00   0.4968  2
48750.00   0.6121  6
48800.00   0.5813  5
48850.00   0.4968  2
48900.00   0.6121  6
48950.00   0.5514  4
49000.00   0.4968  2
49050.00   0.4968  2
49100.00   0.4968  2
49150.00   0.4700  1
49200.00   0.4700  1
49250.00   0.5514  4
49300.00   0.6776  8
49350.00   0.4968  2
49400.00   0.4700  1
49450.00   0.4700  1
49500.00   0.6121  6
49550.00   0.6121  6
49600.00   0.5514  4
49650.00   0.4700  1
49700.00   0.5236  3
49750.00   0.6776  8
49800.00   0.6121  6
49850.00   0.7134  9
49900.00   0.4968  2
49950.00   0.4968  2
50000.00   0.4700  1
50050.00   0.6121  6
50100.00   0.5813  5
50150.00   0.4700  1
50200.00   0.5514  4
50250.00   0.5514  4
50300.00   0.4968  2
50350.00   0.5236  3
50400.00   0.5236  3
50450.00   0.4700  1
50500.00   0.6121  6
50550.00   0.5813  5
50600.00   0.6121  6
50650.00   0.4968  2
50700.01   0.4968  2
50750.00   0.4700  1
50800.00   0.4700  1
50850.00   0.7134  9
50900.00   0.4700  1
50950.00   0.6121  6
51000.00   0.5236  3
51050.00   0.5514  4
51100.00   0.6776  8
51150.00   0.6121  6
51200.00   0.4968  2
51250.00   0.5236  3
51300.00   0.5514  4
51350.00   0.4700  1
51400.00   0.4700  1
51450.00   0.4700  1
51500.00   0.6121  6
51550.00   0.5236  3
51600.00   0.4700  1
51650.00   0.5236  3
51700.00   0.5236  3
51750.00   0.7134  9
51800.00   0.4968  2
51850.00   0.4700  1
51900.00   0.5514  4
51950.00   0.5813  5
52000.00   0.5514  4
52050.00   0.5236  3
52100.00   0.6121  6
52150.00   0.7134  9
52200.00   0.7134  9
52250.00   0.6448  7
52300.00   0.5813  5
52350.00   0.6121  6
52400.00   0.6121  6
52450.00   0.5236  3
52500.00   0.6448  7
52550.00   0.6448  7
52600.00   0.5813  5
52650.00   0.6121  6
52700.00   0.6776  8
52750.00   0.6448  7
52800.00   0.5236  3
52850.01   0.5236  3
52900.00   0.4700  1
52950.00   0.5236  3
53000.00   0.4700  1
53050.00   0.4968  2
53100.00   0.6776  8
53150.00   0.4700  1
53200.00   0.4700  1
53250.00   0.5236  3
53300.00   0.6121  6
53350.00   0.6448  7
53400.00   0.5236  3
53450.00   0.4700  1
53500.00   0.4700  1
53550.00   0.6448  7
53600.00   0.4700  1
53650.00   0.6121  6
53700.00   0.6448  7
53750.00   0.5813  5
53800.00   0.6776  8
53850.00   0.5813  5
53900.00   0.5236  3
53950.00   0.5514  4
54000.00   0.5514  4
54050.01   0.6121  6
54100.00   0.6121  6
54150.00   0.6121  6
54200.00   0.6121  6
54250.00   0.5236  3
54300.00   0.5813  5
54350.00   0.6448  7
54400.00   0.5236  3
54450.00   0.7492 10
54500.00   0.5813  5
54550.00   0.6121  6
54600.01   0.6776  8
54650.00   0.6448  7
54700.00   0.6776  8
54750.00   0.6448  7
54800.00   0.6448  7
54850.00   0.6776  8
54900.00   0.6448  7
54950.00   0.6776  8
55000.00   0.6776  8
55050.00   0.6776  8
55100.00   0.6776  8
55150.00   0.6776  8
55200.00   0.7869 11
55250.00   0.6776  8
55300.00   0.6776  8
55350.00   0.7134  9
55400.00   0.7492 10
55450.00   0.8267 12
55500.00   0.7134  9
55550.00   0.8267 12
55600.00   0.6776  8
55650.00   0.7492 10
55700.00   0.6448  7
55750.00   0.7492 10
55800.00   0.7492 10
55850.00   0.7492 10
55900.00   0.7869 11
55950.00   0.7134  9
56000.00   0.7869 11
56050.00   0.6776  8
56100.00   0.7869 11
56150.00   0.8267 12
56200.00   0.8267 12
56250.00   0.8267 12
56300.00   0.7869 11
56350.00   0.7869 11
56400.01   0.7492 10
56450.00   0.8267 12
56500.00   0.8267 12
56550.00   0.6776  8
56600.00   0.7492 10
56650.00   0.7134  9
56700.00   0.7134  9
56750.01   0.6448  7
56800.00   0.7134  9
56850.00   0.7134  9
56900.00   0.7869 11
56950.00   0.7134  9
57000.00   0.7134  9
57050.00   0.7869 11
57100.00   0.7869 11
57150.00   0.7134  9
57200.01   0.7869 11
57250.00   0.7492 10
57300.00   0.8267 12
57350.00   0.6776  8
57400.00   0.7134  9
57450.00   0.8267 12
57500.00   0.8267 12
57550.00   0.6776  8
57600.00   0.8267 12
57650.00   0.7492 10
57700.00   0.8267 12
57750.00   0.8267 12
57800.00   0.7869 11
57850.00   0.7869 11
57900.00   0.7869 11
57950.00   0.7134  9
58000.00   0.7492 10
58050.00   0.7134  9
58100.00   0.7869 11
58150.01   0.7869 11
58200.00   0.7869 11
58250.00   0.7492 10
58300.00   0.8267 12
58350.00   0.6776  8
58400.01   0.7869 11
58450.00   0.7869 11
58500.00   0.6776  8
58550.00   0.8267 12
58600.00   0.7492 10
58650.00   0.6776  8
58700.00   0.7492 10
58750.00   0.7869 11
58800.00   0.7869 11
58850.00   0.7869 11
58900.00   0.7869 11
58950.00   0.7134  9
59000.00   0.7869 11
59050.00   0.7869 11
59100.00   0.7869 11
59150.00   0.8267 12
59200.00   0.6776  8
59250.00   0.7869 11
59300.00   0.6776  8
59350.00   0.7134  9
59400.00   0.7134  9
59450.00   0.8267 12
59500.00   0.7134  9
59550.00   0.7492 10
59600.00   0.7869 11
59650.00   0.6776  8
59700.00   0.6776  8
59750.00   0.7492 10
59800.00   0.7869 11
59850.00   0.7134  9
59900.00   0.8267 12
59950.00   0.7492 10
60000.00   0.7134  9
60050.00   0.8267 12
60100.00   0.7134  9
60150.00   0.7492 10
60200.00   0.8267 12
60250.00   0.8267 12
60300.00   0.6776  8
60350.00   0.6776  8
60400.00   0.7869 11
60450.00   0.7869 11
60500.00   0.6776  8
60550.00   0.6776  8
60600.00   0.7869 11
60650.00   0.8267 12
60700.00   0.6776  8
60750.00   0.8267 12
60800.00   0.7134  9
60850.00   0.6776  8
60900.00   0.7134  9
60950.00   0.7134  9
61000.00   0.7134  9
61050.00   0.7492 10
61100.00   0.7492 10
61150.00   0.7492 10
61200.00   0.6448  7
61250.00   0.7492 10
61300.00   0.7492 10
61350.00   0.6776  8
61400.00   0.6776  8
61450.00   0.7134  9
61500.00   0.7869 11
61550.00   0.7492 10
61600.00   0.8267 12
61650.00   0.8267 12
61700.00   0.6776  8
61750.00   0.6776  8
61800.00   0.8267 12
61850.00   0.8267 12
61900.00   0.6776  8
61950.00   0.7869 11
62000.00   0.7492 10
62050.00   0.7869 11
62100.00   0.8267 12
62150.00   0.7869 11
62200.00   0.6776  8
62250.00   0.8267 12
62300.00   0.7869 11
62350.00   0.7869 11
62400.00   0.7492 10
62450.00   0.6776  8
62500.00   0.6776  8
62550.00   0.7869 11
62600.00   0.7134  9
62650.00   0.6776  8
62700.00   0.7134  9
62750.00   0.6776  8
62800.00   0.7134  9
62850.00   0.7869 11
62900.00   0.7492 10
62950.00   0.7492 10
63000.00   0.7492 10
63050.00   0.7869 11
63100.00   0.7492 10
63150.00   0.7492 10
63200.00   0.7492 10
63250.00   0.7492 10
63300.00   0.6776  8
63350.00   0.7134  9
63400.00   0.7869 11
63450.00   0.7869 11
63500.00   0.6776  8
63550.00   0.8267 12
63600.00   0.8267 12
63650.00   0.7492 10
63700.00   0.8267 12
63750.00   0.7869 11
63800.00   0.6776  8
63850.00   0.7134  9
63900.00   0.8267 12
63950.00   0.7869 11
64000.00   0.7492 10
64050.00   0.7134  9
64100.00   0.8267 12
64150.00   0.8267 12
64200.00   0.7134  9
64250.00   0.8267 12
64300.00   0.7869 11
64350.00   0.7134  9
64400.00   0.8267 12
64450.00   0.7134  9
64500.00   0.8267 12
64550.00   0.7869 11
64600.00   0.8267 12
64650.00   0.7134  9
64700.00   0.7492 10
64750.00   0.7869 11
64800.00   0.7869 11
64850.00   0.8267 12
64900.00   0.7492 10
64950.00   0.6776  8
65000.00   0.7869 11
65050.00   0.6776  8
65100.00   0.7869 11
65150.00   0.7869 11
65200.00   0.7492 10
65250.00   0.7134  9
65300.00   0.5813  5
65350.00   0.8267 12
65400.00   0.6776  8
65450.01   0.7869 11
65500.00   0.7869 11
65550.00   0.8267 12
65600.00   0.8267 12
65650.00   0.8267 12
65700.00   0.8267 12
65750.00   0.7492 10
65800.00   0.8267 12
65850.00   0.8267 12
65900.00   0.7492 10
65950.00   0.6776  8
66000.00   0.7869 11
66050.00   0.7134  9
66100.00   0.6776  8
66150.00   0.6776  8
66200.00   0.7134  9
66250.00   0.7869 11
66300.00   0.6776  8
66350.00   0.7134  9
66400.00   0.8267 12
66450.00   0.7492 10
66500.00   0.8267 12
66550.00   0.7134  9
66600.00   0.7134  9
66650.00   0.7869 11
66700.00   0.7492 10
66750.00   0.8267 12
66800.00   0.8267 12
66850.00   0.7134  9
66900.00   0.6776  8
66950.00   0.6776  8
67000.00   0.7134  9
67050.00   0.7869 11
67100.00   0.7869 11
67150.00   0.8267 12
67200.00   0.7492 10
67250.00   0.7869 11
67300.00   0.7869 11
67350.00   0.7492 10
67400.00   0.6776  8
67450.00   0.7869 11
67500.00   0.6776  8
67550.00   0.7134  9
67600.00   0.8267 12
67650.00   0.7492 10
67700.00   0.7134  9
67750.00   0.7869 11
67800.00   0.7869 11
67850.00   0.6776  8
67900.00   0.8267 12
67950.00   0.7869 11
68000.00   0.7134  9
68050.00   0.7869 11
68100.00   0.6776  8
68150.00   0.7869 11
68200.00   0.7134  9
68250.00   0.8267 12
68300.00   0.6776  8
68350.00   0.6448  7
68400.00   0.6776  8
68450.00   0.7869 11
68500.00   0.8267 12
68550.00   0.7869 11
68600.00   0.7134  9
68650.00   0.8267 12
68700.00   0.7869 11
68750.00   0.6776  8
68800.01   0.8267 12
68850.00   0.6448  7
68900.00   0.7492 10
68950.00   0.7134  9
69000.00   0.7492 10
69050.00   0.6776  8
69100.00   0.8267 12
69150.00   0.7492 10
69200.00   0.6776  8
69250.00   0.7492 10
69300.00   0.6776  8
69350.00   0.7869 11
69400.00   0.8267 12
69450.00   0.7492 10
69500.00   0.8267 12
69550.00   0.7492 10
69600.01   0.7869 11
69650.00   0.7134  9
69700.00   0.7869 11
69750.00   0.8267 12
69800.00   0.7134  9
69850.00   0.6448  7
69900.00   0.7869 11
69950.00   0.7492 10
70000.00   0.6776  8
70050.00   0.8267 12
70100.00   0.7492 10
70150.00   0.6776  8
70200.00   0.7492 10
70250.00   0.8267 12
70300.00   0.7869 11
70350.00   0.7134  9
70400.00   0.6776  8
70450.00   0.6776  8
70500.00   0.8267 12
70550.00   0.7869 11
70600.01   0.7134  9
70650.00   0.8267 12
70700.00   0.7869 11
70750.00   0.7134  9
70800.00   0.7869 11
70850.00   0.7869 11
70900.00   0.7869 11
70950.00   0.7492 10
71000.00   0.7869 11
71050.00   0.7869 11
71100.00   0.7869 11
71150.00   0.7869 11
71200.00   0.8267 12
71250.00   0.6776  8
71300.00   0.8267 12
71350.00   0.8267 12
71400.00   0.7492 10
71450.00   0.7492 10
71500.00   0.6776  8
71550.00   0.7869 11
71600.00   0.7134  9
71650.00   0.7134  9
71700.00   0.7492 10
71750.00   0.8267 12
71800.00   0.7869 11
71850.00   0.7869 11
71900.00   0.7492 10
71950.00   0.6448  7
72000.00   0.7134  9
72050.00   0.8267 12
72100.00   0.7134  9
72150.00   0.7134  9
72200.00   0.6448  7
72250.00   0.7134  9
72300.00   0.6448  7
72350.00   0.7134  9
72400.00   0.6448  7
72450.00   0.8267 12
72500.00   0.7492 10
72550.01   0.7869 11
72600.00   0.7869 11
72650.00   0.7869 11
72700.00   0.8267 12
72750.00   0.7869 11
72800.00   0.8267 12
72850.00   0.8267 12
72900.00   0.7134  9
72950.00   0.8267 12
73000.00   0.7492 10
73050.00   0.8267 12
73100.00   0.7869 11
73150.00   0.7492 10
73200.00   0.8267 12
73250.00   0.7869 11
73300.00   0.6776  8
73350.00   0.6448  7
73400.01   0.8267 12
73450.00   0.7492 10
73500.00   0.8267 12
73550.00   0.7869 11
73600.00   0.7869 11
73650.00   0.7134  9
73700.00   0.8267 12
73750.00   0.7134  9
73800.00   0.7134  9
73850.00   0.7492 10
73900.00   0.7869 11
73950.00   0.8267 12
74000.00   0.7869 11
74050.00   0.7492 10
74100.00   0.6448  7
74150.00   0.7869 11
74200.00   0.6776  8
74250.00   0.7869 11
74300.00   0.7492 10
74350.00   0.7134  9
74400.00   0.7492 10
74450.00   0.7492 10
74500.00   0.8267 12
74550.00   0.7492 10
74600.00   0.8267 12
74650.00   0.8267 12
74700.00   0.6776  8
74750.00   0.8267 12
74800.00   0.7134  9
74850.00   0.7492 10
74900.00   0.6776  8
74950.00   0.7869 11
75000.00   0.7869 11
75050.00   0.7134  9
75100.00   0.8267 12
75150.00   0.7492 10
75200.00   0.7869 11
75250.00   0.7869 11
75300.00   0.6776  8
75350.00   0.7869 11
75400.00   0.8267 12
75450.00   0.6776  8
75500.00   0.6448  7
75550.00   0.7492 10
75600.00   0.7134  9
75650.00   0.7492 10
75700.00   0.7134  9
75750.00   0.7492 10
75800.00   0.7134  9
75850.00   0.8267 12
75900.00   0.7869 11
75950.00   0.7492 10
76000.00   0.8267 12
76050.00   0.8267 12
76100.00   0.8267 12
76150.00   0.7134  9
76200.00   0.8267 12
76250.00   0.7869 11
76300.00   0.7492 10
76350.00   0.7492 10
76400.00   0.6776  8
76450.00   0.7492 10
76500.00   0.8267 12
76550.00   0.6776  8
76600.00   0.6776  8
76650.00   0.6776  8
76700.00   0.6776  8
76750.00   0.6121  6
76800.00   0.7869 11
76850.00   0.7869 11
76900.00   0.7492 10
76950.00   0.8267 12
77000.00   0.7492 10
77050.00   0.8267 12
77100.00   0.7134  9
77150.00   0.7869 11
77200.00   0.8267 12
77250.00   0.6776  8
77300.00   0.6776  8
77350.00   0.7134  9
77400.00   0.7492 10
77450.00   0.7869 11
77500.00   0.7869 11
77550.00   0.7869 11
77600.00   0.7869 11
77650.00   0.6448  7
77700.00   0.7492 10
77750.00   0.7869 11
77800.00   0.7869 11
77850.00   0.7134  9
77900.00   0.8267 12
77950.00   0.7492 10
78000.00   0.7134  9
78050.00   0.7134  9
78100.00   0.7134  9
78150.00   0.8267 12
78200.00   0.8267 12
78250.00   0.8267 12
78300.00   0.7492 10
78350.00   0.7492 10
78400.00   0.7869 11
78450.00   0.8267 12
78500.00   0.7869 11
78550.00   0.6448  7
78600.00   0.8267 12
78650.00   0.8267 12
78700.00   0.7492 10
78750.00   0.7492 10
78800.00   0.6776  8
78850.00   0.7492 10
78900.00   0.8267 12
78950.00   0.6776  8
79000.00   0.8267 12
79050.00   0.7869 11
79100.00   0.7492 10
79150.00   0.7134  9
79200.00   0.7134  9
79250.00   0.7134  9
79300.00   0.7134  9
79350.00   0.8267 12
79400.00   0.7134  9
79450.01   0.7492 10
79500.00   0.7492 10
79550.00   0.7134  9
79600.00   0.7869 11
79650.00   0.8267 12
79700.00   0.7492 10
79750.00   0.7134  9
79800.00   0.7134  9
79850.00   0.8267 12
79900.00   0.7869 11
79950.00   0.6776  8
80000.00   0.7869 11
80050.00   0.7492 10
80100.00   0.7134  9
80150.00   0.6448  7
80200.00   0.7869 11
80250.00   0.7492 10
80300.00   0.6121  6
80350.00   0.7869 11
80400.00   0.7869 11
80450.00   0.7134  9
80500.00   0.8267 12
80550.00   0.7134  9
80600.00   0.7134  9
80650.00   0.7134  9
80700.00   0.8267 12
80750.00   0.8267 12
80800.00   0.7869 11
80850.00   0.6448  7
80900.00   0.6776  8
80950.00   0.7134  9
81000.00   0.7134  9
81050.00   0.7134  9
81100.00   0.7492 10
81150.00   0.7869 11
81200.00   0.6448  7
81250.00   0.7134  9
81300.00   0.8267 12
81350.00   0.7869 11
81400.00   0.7134  9
81450.00   0.7134  9
81500.00   0.6448  7
81550.00   0.8267 12
81600.00   0.6776  8
81650.00   0.7492 10
81700.00   0.7492 10
81750.00   0.8267 12
81800.00   0.6776  8
81850.00   0.7869 11
81900.00   0.7869 11
81950.00   0.7492 10
82000.00   0.7492 10
82050.00   0.8267 12
82100.00   0.6448  7
82150.00   0.7492 10
82200.00   0.7869 11
82250.00   0.6776  8
82300.00   0.7869 11
82350.00   0.7869 11
82400.00   0.6776  8
82450.00   0.7134  9
82500.00   0.6776  8
82550.00   0.7492 10
82600.00   0.7869 11
82650.00   0.7869 11
82700.00   0.7134  9
82750.00   0.7492 10
82800.00   0.7492 10
82850.00   0.7492 10
82900.00   0.6776  8
82950.00   0.7492 10
83000.00   0.7492 10
83050.00   0.7134  9
83100.00   0.7869 11
83150.00   0.7134  9
83200.00   0.7869 11
83250.00   0.7492 10
83300.00   0.8267 12
83350.00   0.7869 11
83400.00   0.7134  9
83450.00   0.7869 11
83500.00   0.8267 12
83550.00   0.7492 10
83600.00   0.7492 10
83650.00   0.8267 12
83700.00   0.7869 11
83750.00   0.7492 10
83800.01   0.7492 10
83850.00   0.7492 10
83900.00   0.7869 11
83950.00   0.7869 11
84000.00   0.7492 10
84050.00   0.7869 11
84100.00   0.7134  9
84150.00   0.8267 12
84200.00   0.7869 11
84250.00   0.7869 11
84300.00   0.7134  9
84350.00   0.6776  8
84400.00   0.6776  8
84450.00   0.7134  9
84500.00   0.6776  8
84550.00   0.6776  8
84600.00   0.8267 12
84650.00   0.7869 11
84700.00   0.6448  7
84750.00   0.7492 10
84800.00   0.7492 10
84850.00   0.7869 11
84900.00   0.6448  7
84950.00   0.6448  7
85000.00   0.8267 12
85050.00   0.6448  7
85100.00   0.7492 10
85150.00   0.7869 11
85200.00   0.8267 12
85250.00   0.6776  8
85300.00   0.6776  8
85350.00   0.6448  7
85400.00   0.6448  7
85450.00   0.7869 11
85500.00   0.6448  7
85550.00   0.6776  8
85600.00   0.8267 12
85650.00   0.7869 11
85700.00   0.6776  8
85750.00   0.8267 12
85800.00   0.7869 11
85850.00   0.7492 10
85900.00   0.7869 11
85950.00   0.7869 11
86000.00   0.8267 12
86050.00   0.7134  9
86100.00   0.7492 10
86150.00   0.8267 12
86200.00   0.7492 10
86250.00   0.7492 10
86300.00   0.7869 11
86350.00   0.7134  9
86400.00   0.6776  8
86450.00   0.6776  8
86500.00   0.7492 10
86550.00   0.7134  9
86600.00   0.7492 10
86650.00   0.7869 11
86700.00   0.7869 11
86750.01   0.6776  8
86800.00   0.8267 12
86850.00   0.7134  9
86900.00   0.8267 12
86950.00   0.8267 12
87000.00   0.7869 11
87050.00   0.7869 11
87100.00   0.8267 12
87150.00   0.7869 11
87200.01   0.8267 12
87250.00   0.7492 10
87300.00   0.6776  8
87350.00   0.6776  8
87400.00   0.7869 11
87450.00   0.6776  8
87500.00   0.8267 12
87550.00   0.7134  9
87600.00   0.6448  7
87650.00   0.7492 10
87700.00   0.8267 12
87750.00   0.8267 12
87800.00   0.7492 10
87850.00   0.6776  8
87900.00   0.8267 12
87950.00   0.7492 10
88000.00   0.8267 12
88050.00   0.7134  9
88100.00   0.6448  7
88150.00   0.6776  8
88200.00   0.7492 10
88250.00   0.7134  9
88300.00   0.8267 12
88350.00   0.6776  8
88400.00   0.7492 10
88450.00   0.8267 12
88500.00   0.7492 10
88550.00   0.6776  8
88600.00   0.6448  7
88650.00   0.6776  8
88700.00   0.7134  9
88750.00   0.7869 11
88800.00   0.7492 10
88850.00   0.7134  9
88900.00   0.8267 12
88950.00   0.7492 10
89000.00   0.6776  8
89050.00   0.7492 10
89100.00   0.6776  8
89150.00   0.7134  9
89200.00   0.8267 12
89250.00   0.7134  9
89300.00   0.7869 11
89350.00   0.7492 10
89400.00   0.8267 12
89450.00   0.8267 12
89500.00   0.7492 10
89550.00   0.7134  9
89600.00   0.7869 11
89650.00   0.7869 11
89700.00   0.8267 12
89750.00   0.7869 11
89800.00   0.7869 11
89850.00   0.8267 12
89900.00   0.8267 12
89950.00   0.7492 10
90000.00   0.8267 12
90050.00   0.7492 10
90100.00   0.7869 11
90150.00   0.6776  8
90200.00   0.7134  9
90250.00   0.7134  9
90300.00   0.8267 12
90350.00   0.7134  9
90400.00   0.6776  8
90450.00   0.7134  9
90500.00   0.8267 12
90550.00   0.7492 10
90600.00   0.7869 11
90650.00   0.7492 10
90700.00   0.6776  8
90750.00   0.6776  8
90800.00   0.7492 10
90850.00   0.6776  8
90900.00   0.7492 10
90950.00   0.8267 12
91000.00   0.7492 10
91050.00   0.7134  9
91100.00   0.7134  9
91150.00   0.6776  8
91200.00   0.6776  8
91250.00   0.7134  9
91300.00   0.6776  8
91350.00   0.8267 12
91400.00   0.7134  9
91450.00   0.7869 11
91500.00   0.7134  9
91550.00   0.7134  9
91600.00   0.8267 12
91650.00   0.7134  9
91700.00   0.7869 11
91750.00   0.7869 11
91800.00   0.6776  8
91850.00   0.7134  9
91900.00   0.6776  8
91950.00   0.6776  8
92000.00   0.7492 10
92050.00   0.6776  8
92100.00   0.7492 10
92150.00   0.7134  9
92200.00   0.7869 11
92250.00   0.7134  9
92300.00   0.7869 11
92350.00   0.7869 11
92400.00   0.7492 10
92450.00   0.7869 11
92500.00   0.8267 12
92550.00   0.6776  8
92600.00   0.7492 10
92650.00   0.7869 11
92700.00   0.7134  9
92750.00   0.7134  9
92800.00   0.7492 10
92850.00   0.7492 10
92900.00   0.6776  8
92950.00   0.7869 11
93000.00   0.7869 11
93050.00   0.7492 10
93100.00   0.7492 10
93150.00   0.7134  9
93200.00   0.6776  8
93250.00   0.7134  9
93300.00   0.7134  9
93350.00   0.7134  9
93400.00   0.6448  7
93450.00   0.7134  9
93500.00   0.7134  9
93550.00   0.7869 11
93600.00   0.7869 11
93650.00   0.8267 12
93700.00   0.7869 11
93750.00   0.7134  9
93800.00   0.7134  9
93850.00   0.7869 11
93900.00   0.7869 11
93950.00   0.8267 12
94000.00   0.7869 11
94050.00   0.6776  8
94100.00   0.7134  9
94150.00   0.7492 10
94200.00   0.7492 10
94250.00   0.7134  9
94300.00   0.7134  9
94350.00   0.8267 12
94400.00   0.7869 11
94450.00   0.6776  8
94500.00   0.6448  7
94550.00   0.7492 10
94600.00   0.7492 10
94650.00   0.7134  9
94700.00   0.7869 11
94750.00   0.7869 11
94800.00   0.7134  9
94850.00   0.6448  7
94900.00   0.6448  7
94950.00   0.7134  9
95000.00   0.7492 10
95050.00   0.7492 10
95100.00   0.7492 10
95150.00   0.8267 12
95200.00   0.7134  9
95250.00   0.7869 11
95300.00   0.8267 12
95350.00   0.7492 10
95400.00   0.6776  8
95450.00   0.8267 12
95500.00   0.7869 11
95550.00   0.6448  7
95600.00   0.7492 10
95650.00   0.7869 11
95700.00   0.7869 11
95750.00   0.8267 12
95800.00   0.8267 12
95850.00   0.6776  8
95900.00   0.7492 10
95950.00   0.7492 10
96000.00   0.8267 12
96050.00   0.7869 11
96100.00   0.7492 10
96150.00   0.6448  7
96200.00   0.7492 10
96250.00   0.7869 11
96300.00   0.7869 11
96350.00   0.6776  8
96400.00   0.7869 11
96450.00   0.8267 12
96500.00   0.7134  9
96550.00   0.8267 12
96600.00   0.7134  9
96650.00   0.8267 12
96700.00   0.6776  8
96750.00   0.6776  8
96800.00   0.7134  9
96850.00   0.7134  9
96900.00   0.7134  9
96950.00   0.7492 10
97000.00   0.7492 10
97050.00   0.7869 11
97100.00   0.7492 10
97150.00   0.8267 12
97200.00   0.7869 11
97250.00   0.6776  8
97300.00   0.7869 11
97350.00   0.7134  9
97400.00   0.7134  9
97450.00   0.6776  8
97500.00   0.8267 12
97550.00   0.6776  8
97600.00   0.7492 10
97650.00   0.6448  7
97700.00   0.7134  9
97750.00   0.6776  8
97800.00   0.6448  7
97850.00   0.7134  9
97900.00   0.7134  9
97950.00   0.6776  8
98000.00   0.7869 11
98050.00   0.8267 12
98100.00   0.8267 12
98150.00   0.8267 12
98200.00   0.7492 10
98250.00   0.7492 10
98300.00   0.7492 10
98350.00   0.6448  7
98400.00   0.6121  6
98450.00   0.6776  8
98500.00   0.6776  8
98550.00   0.7869 11
98600.00   0.7869 11
98650.00   0.7134  9
98700.00   0.7134  9
98750.00   0.6776  8
98800.00   0.8267 12
98850.00   0.7492 10
98900.00   0.7869 11
98950.00   0.7869 11
99000.00   0.7134  9
99050.00   0.7869 11
99100.00   0.7134  9
99150.00   0.7134  9
99200.00   0.7134  9
99250.00   0.7869 11
99300.00   0.7869 11
99350.00   0.7869 11
99400.00   0.8267 12
99450.00   0.7869 11
99500.00   0.8267 12
99550.00   0.7134  9
99600.00   0.7869 11
99650.00   0.7869 11
99700.00   0.7134  9
99750.00   0.7134  9
99800.00   0.7492 10
99850.00   0.7134  9
99900.00   0.7134  9
99950.00   0.7134  9
100000.00   0.7492 10
