50.00   0.8267 12
100.00   0.7134  9
150.00   0.7134  9
200.00   0.8267 12
250.00   0.6776  8
300.00   0.8267 12
350.00   0.6776  8
400.00   0.7492 10
450.00   0.7134  9
500.00   0.8267 12
550.00   0.8267 12
600.00   0.7869 11
650.00   0.6776  8
700.00   0.7869 11
750.00   0.7869 11
800.00   0.8267 12
850.00   0.7492 10
900.00   0.8267 12
950.00   0.8267 12
1000.00   0.7492 10
1050.00   0.7492 10
1100.00   0.7492 10
1150.00   0.7869 11
1200.00   0.8267 12
1250.00   0.7869 11
1300.00   0.8267 12
1350.00   0.7134  9
1400.00   0.6776  8
1450.00   0.7134  9
1500.00   0.7134  9
1550.00   0.8267 12
1600.00   0.6776  8
1650.00   0.7492 10
1700.00   0.7492 10
1750.00   0.7134  9
1800.00   0.7492 10
1850.00   0.8267 12
1900.00   0.7134  9
1950.00   0.7134  9
2000.00   0.7492 10
2050.00   0.7492 10
2100.00   0.8267 12
2150.00   0.8267 12
2200.00   0.8267 12
2250.00   0.8267 12
2300.00   0.7869 11
2350.00   0.7869 11
2400.00   0.6776  8
2450.00   0.7869 11
2500.00   0.7869 11
2550.00   0.8267 12
2600.00   0.7869 11
2650.00   0.8267 12
2700.00   0.8267 12
2750.00   0.8267 12
2800.00   0.8267 12
2850.00   0.7492 10
2900.00   0.8267 12
2950.00   0.8267 12
3000.00   0.8267 12
3050.00   0.7492 10
3100.00   0.7134  9
3150.00   0.7869 11
3200.00   0.8267 12
3250.00   0.8267 12
3300.00   0.7869 11
3350.00   0.8267 12
3400.00   0.7869 11
3450.00   0.8267 12
3500.00   0.7134  9
3550.00   0.8267 12
3600.00   0.7869 11
3650.00   0.7492 10
3700.00   0.7869 11
3750.00   0.8267 12
3800.00   0.8267 12
3850.00   0.7492 10
3900.00   0.7492 10
3950.00   0.7869 11
4000.00   0.7869 11
4050.00   0.7869 11
4100.00   0.6776  8
4150.00   0.7492 10
4200.00   0.8267 12
4250.00   0.6448  7
4300.00   0.7492 10
4350.00   0.8267 12
4400.00   0.7492 10
4450.00   0.8267 12
4500.00   0.7492 10
4550.00   0.7492 10
4600.00   0.7492 10
4650.00   0.7134  9
4700.00   0.7134  9
4750.00   0.8267 12
4800.00   0.7492 10
4850.00   0.6448  7
4900.00   0.7492 10
4950.00   0.8267 12
5000.00   0.8267 12
5050.00   0.6776  8
5100.00   0.6448  7
5150.00   0.7869 11
5200.00   0.7134  9
5250.00   0.7134  9
5300.00   0.7492 10
5350.00   0.7492 10
5400.00   0.7869 11
5450.00   0.6776  8
5500.00   0.7492 10
5550.00   0.7492 10
5600.00   0.7134  9
5650.00   0.7869 11
5700.00   0.7492 10
5750.00   0.7134  9
5800.00   0.7869 11
5850.00   0.7492 10
5900.00   0.6776  8
5950.00   0.7869 11
6000.00   0.7492 10
6050.00   0.6448  7
6100.00   0.6776  8
6150.00   0.7492 10
6200.00   0.8267 12
6250.00   0.6448  7
6300.00   0.7492 10
6350.00   0.7492 10
6400.00   0.7869 11
6450.00   0.8267 12
6500.00   0.8267 12
6550.00   0.7492 10
6600.00   0.7134  9
6650.00   0.8267 12
6700.00   0.8267 12
6750.00   0.7492 10
6800.00   0.7492 10
6850.00   0.7869 11
6900.00   0.7134  9
6950.00   0.6776  8
7000.00   0.8267 12
7050.00   0.7869 11
7100.00   0.6448  7
7150.00   0.7492 10
7200.00   0.8267 12
7250.00   0.8267 12
7300.00   0.8267 12
7350.00   0.7134  9
7400.01   0.7492 10
7450.00   0.7492 10
7500.00   0.6776  8
7550.00   0.6776  8
7600.00   0.7134  9
7650.01   0.6776  8
7700.00   0.8267 12
7750.00   0.7492 10
7800.00   0.7134  9
7850.00   0.6448  7
7900.00   0.7869 11
7950.00   0.7492 10
8000.00   0.7869 11
8050.00   0.7492 10
8100.00   0.7869 11
8150.00   0.8267 12
8200.00   0.7134  9
8250.00   0.7869 11
8300.00   0.7869 11
8350.00   0.8267 12
8400.00   0.7869 11
8450.00   0.8267 12
8500.00   0.8267 12
8550.00   0.8267 12
8600.00   0.8267 12
8650.00   0.7134  9
8700.00   0.8267 12
8750.01   0.7869 11
8800.00   0.7869 11
8850.00   0.7492 10
8900.00   0.6776  8
8950.00   0.7134  9
9000.00   0.8267 12
9050.00   0.7134  9
9100.00   0.6776  8
9150.00   0.7134  9
9200.00   0.7492 10
9250.00   0.8267 12
9300.00   0.7492 10
9350.00   0.7492 10
9400.00   0.7492 10
9450.00   0.7869 11
9500.00   0.8267 12
9550.00   0.7869 11
9600.00   0.8267 12
9650.00   0.7869 11
9700.00   0.7492 10
9750.00   0.7869 11
9800.00   0.8267 12
9850.00   0.7869 11
9900.00   0.7869 11
9950.00   0.7492 10
10000.00   0.7869 11
10050.00   0.7869 11
10100.00   0.7492 10
10150.00   0.7492 10
10200.00   0.7869 11
10250.00   0.7869 11
10300.00   0.7869 11
10350.00   0.8267 12
10400.00   0.8267 12
10450.00   0.7134  9
10500.00   0.7134  9
10550.00   0.7492 10
10600.00   0.7492 10
10650.00   0.7134  9
10700.00   0.8267 12
10750.00   0.7134  9
10800.00   0.8267 12
10850.00   0.7492 10
10900.00   0.7134  9
10950.00   0.6776  8
11000.00   0.6776  8
11050.00   0.7134  9
11100.00   0.7869 11
11150.00   0.8267 12
11200.00   0.7492 10
11250.00   0.7492 10
11300.00   0.7134  9
11350.00   0.8267 12
11400.00   0.7869 11
11450.00   0.7492 10
11500.00   0.7134  9
11550.00   0.7869 11
11600.00   0.7492 10
11650.00   0.8267 12
11700.00   0.8267 12
11750.00   0.7869 11
11800.00   0.6776  8
11850.00   0.7134  9
11900.00   0.7869 11
11950.00   0.7134  9
12000.00   0.7134  9
12050.00   0.7492 10
12100.00   0.8267 12
12150.00   0.7869 11
12200.00   0.7492 10
12250.00   0.7134  9
12300.00   0.7869 11
12350.00   0.7869 11
12400.00   0.6776  8
12450.00   0.8267 12
12500.00   0.7492 10
12550.00   0.7134  9
12600.00   0.7492 10
12650.00   0.7869 11
12700.00   0.7492 10
12750.00   0.7492 10
12800.00   0.7492 10
12850.00   0.7492 10
12900.00   0.8267 12
12950.00   0.7134  9
13000.00   0.7869 11
13050.00   0.7134  9
13100.00   0.7134  9
13150.00   0.7134  9
13200.00   0.8267 12
13250.00   0.8267 12
13300.00   0.7869 11
13350.00   0.6776  8
13400.00   0.7134  9
13450.00   0.7134  9
13500.00   0.8267 12
13550.00   0.7134  9
13600.00   0.7869 11
13650.00   0.8267 12
13700.00   0.7492 10
13750.00   0.7869 11
13800.01   0.7869 11
13850.00   0.8267 12
13900.00   0.7492 10
13950.00   0.7492 10
14000.00   0.7492 10
14050.00   0.7134  9
14100.00   0.7492 10
14150.00   0.7869 11
14200.00   0.7134  9
14250.00   0.7869 11
14300.00   0.7869 11
14350.00   0.8267 12
14400.00   0.8267 12
14450.00   0.7134  9
14500.00   0.7869 11
14550.00   0.8267 12
14600.00   0.6776  8
14650.00   0.8267 12
14700.00   0.7492 10
14750.00   0.7134  9
14800.00   0.8267 12
14850.00   0.8267 12
14900.00   0.7492 10
14950.00   0.7869 11
15000.00   0.8267 12
15050.00   0.7134  9
15100.00   0.8267 12
15150.00   0.8267 12
15200.00   0.7869 11
15250.00   0.8267 12
15300.00   0.7134  9
15350.00   0.7134  9
15400.00   0.8267 12
15450.00   0.7492 10
15500.00   0.8267 12
15550.00   0.7134  9
15600.00   0.7134  9
15650.00   0.7492 10
15700.00   0.7134  9
15750.00   0.7869 11
15800.00   0.7134  9
15850.00   0.7134  9
15900.01   0.8267 12
15950.00   0.7134  9
16000.00   0.7869 11
16050.00   0.6448  7
16100.00   0.7492 10
16150.00   0.7492 10
16200.00   0.6448  7
16250.00   0.7492 10
16300.00   0.8267 12
16350.00   0.7492 10
16400.00   0.8267 12
16450.00   0.7134  9
16500.00   0.8267 12
16550.00   0.6776  8
16600.00   0.7869 11
16650.00   0.7869 11
16700.00   0.8267 12
16750.00   0.6776  8
16800.00   0.7869 11
16850.00   0.7492 10
16900.00   0.6776  8
16950.00   0.7492 10
17000.00   0.7134  9
17050.00   0.7869 11
17100.00   0.8267 12
17150.00   0.7492 10
17200.00   0.8267 12
17250.00   0.7492 10
17300.00   0.6776  8
17350.00   0.8267 12
17400.00   0.8267 12
17450.00   0.7134  9
17500.00   0.6776  8
17550.00   0.7134  9
17600.00   0.7492 10
17650.00   0.6776  8
17700.00   0.7492 10
17750.00   0.7492 10
17800.00   0.8267 12
17850.00   0.7869 11
17900.00   0.7492 10
17950.00   0.7134  9
18000.00   0.7492 10
18050.00   0.7492 10
18100.00   0.7869 11
18150.00   0.8267 12
18200.00   0.7134  9
18250.00   0.7869 11
18300.00   0.7134  9
18350.00   0.7492 10
18400.00   0.7492 10
18450.00   0.8267 12
18500.00   0.7492 10
18550.00   0.7492 10
18600.00   0.6448  7
18650.00   0.7134  9
18700.00   0.8267 12
18750.00   0.6776  8
18800.00   0.7134  9
18850.00   0.8267 12
18900.00   0.7492 10
18950.00   0.8267 12
19000.00   0.8267 12
19050.00   0.7134  9
19100.01   0.8267 12
19150.00   0.7492 10
19200.00   0.8267 12
19250.01   0.7869 11
19300.00   0.7869 11
19350.00   0.7869 11
19400.00   0.8267 12
19450.00   0.7492 10
19500.00   0.8267 12
19550.00   0.8267 12
19600.00   0.7492 10
19650.00   0.8267 12
19700.00   0.8267 12
19750.00   0.7492 10
19800.00   0.7134  9
19850.00   0.7492 10
19900.00   0.8267 12
19950.00   0.7869 11
20000.00   0.7134  9
20050.00   0.7492 10
20100.00   0.7492 10
20150.00   0.7869 11
20200.00   0.8267 12
20250.00   0.8267 12
20300.00   0.8267 12
20350.00   0.7869 11
20400.00   0.8267 12
20450.00   0.8267 12
20500.00   0.8267 12
20550.00   0.7869 11
20600.00   0.8267 12
20650.00   0.7869 11
20700.00   0.7869 11
20750.00   0.7492 10
20800.00   0.7492 10
20850.00   0.7869 11
20900.00   0.7869 11
20950.00   0.7492 10
21000.00   0.7869 11
21050.00   0.7869 11
21100.00   0.7492 10
21150.00   0.6776  8
21200.00   0.7134  9
21250.00   0.7492 10
21300.00   0.6776  8
21350.00   0.8267 12
21400.00   0.8267 12
21450.00   0.7869 11
21500.00   0.7492 10
21550.00   0.7492 10
21600.00   0.7134  9
21650.00   0.8267 12
21700.00   0.7869 11
21750.00   0.7869 11
21800.00   0.8267 12
21850.00   0.7869 11
21900.00   0.8267 12
21950.00   0.7492 10
22000.00   0.7134  9
22050.00   0.7134  9
22100.00   0.7492 10
22150.00   0.7134  9
22200.00   0.8267 12
22250.00   0.7134  9
22300.00   0.7492 10
22350.00   0.8267 12
22400.00   0.7134  9
22450.00   0.7134  9
22500.00   0.7492 10
22550.00   0.7134  9
22600.00   0.8267 12
22650.00   0.7134  9
22700.00   0.7134  9
22750.00   0.8267 12
22800.00   0.7869 11
22850.00   0.8267 12
22900.00   0.7492 10
22950.00   0.7869 11
23000.00   0.7869 11
23050.00   0.7869 11
23100.00   0.7869 11
23150.00   0.8267 12
23200.00   0.7869 11
23250.00   0.8267 12
23300.00   0.7869 11
23350.00   0.8267 12
23400.00   0.7134  9
23450.01   0.7134  9
23500.00   0.7869 11
23550.00   0.7869 11
23600.00   0.7869 11
23650.00   0.7869 11
23700.00   0.8267 12
23750.00   0.7492 10
23800.00   0.8267 12
23850.00   0.7492 10
23900.00   0.7869 11
23950.00   0.7134  9
24000.00   0.7869 11
24050.00   0.7134  9
24100.00   0.6776  8
24150.00   0.7869 11
24200.00   0.7134  9
24250.00   0.7134  9
24300.00   0.7134  9
24350.00   0.7869 11
24400.00   0.7492 10
24450.00   0.8267 12
24500.00   0.7869 11
24550.00   0.8267 12
24600.00   0.7869 11
24650.00   0.7492 10
24700.00   0.7869 11
24750.00   0.8267 12
24800.00   0.7134  9
24850.00   0.6776  8
24900.00   0.7492 10
24950.00   0.7869 11
25000.00   0.7492 10
25050.00   0.7869 11
25100.00   0.7134  9
25150.00   0.8267 12
25200.00   0.7492 10
25250.00   0.7869 11
25300.00   0.7492 10
25350.00   0.7492 10
25400.00   0.7492 10
25450.00   0.7134  9
25500.00   0.8267 12
25550.00   0.7869 11
25600.00   0.7869 11
25650.00   0.7869 11
25700.00   0.7869 11
25750.00   0.7492 10
25800.00   0.8267 12
25850.00   0.7134  9
25900.00   0.6776  8
25950.00   0.7869 11
26000.00   0.7492 10
26050.00   0.7134  9
26100.00   0.7869 11
26150.00   0.7869 11
26200.00   0.7869 11
26250.00   0.8267 12
26300.00   0.7134  9
26350.00   0.7492 10
26400.00   0.7869 11
26450.00   0.6776  8
26500.00   0.7869 11
26550.00   0.6776  8
26600.00   0.7134  9
26650.00   0.8267 12
26700.00   0.8267 12
26750.00   0.7492 10
26800.00   0.7869 11
26850.00   0.8267 12
26900.00   0.7492 10
26950.00   0.8267 12
27000.00   0.8267 12
27050.00   0.7134  9
27100.00   0.7869 11
27150.00   0.7134  9
27200.00   0.7869 11
27250.00   0.7869 11
27300.00   0.7134  9
27350.00   0.6776  8
27400.00   0.7134  9
27450.00   0.8267 12
27500.00   0.8267 12
27550.00   0.8267 12
27600.00   0.7869 11
27650.00   0.7869 11
27700.00   0.7869 11
27750.00   0.7492 10
27800.00   0.7492 10
27850.00   0.7869 11
27900.01   0.7869 11
27950.00   0.8267 12
28000.00   0.8267 12
28050.00   0.7492 10
28100.00   0.7134  9
28150.00   0.7869 11
28200.00   0.7492 10
28250.00   0.7134  9
28300.00   0.8267 12
28350.00   0.7134  9
28400.00   0.7492 10
28450.00   0.8267 12
28500.00   0.8267 12
28550.00   0.7869 11
28600.00   0.8267 12
28650.00   0.7134  9
28700.00   0.8267 12
28750.00   0.7492 10
28800.00   0.7134  9
28850.00   0.7492 10
28900.00   0.7492 10
28950.00   0.7492 10
29000.00   0.7492 10
29050.00   0.7869 11
29100.00   0.8267 12
29150.00   0.8267 12
29200.00   0.7869 11
29250.00   0.8267 12
29300.00   0.8267 12
29350.00   0.8267 12
29400.00   0.7869 11
29450.00   0.8267 12
29500.00   0.7134  9
29550.00   0.7492 10
29600.00   0.7869 11
29650.00   0.7492 10
29700.00   0.8267 12
29750.00   0.7134  9
29800.00   0.7492 10
29850.00   0.7134  9
29900.00   0.7869 11
29950.00   0.8267 12
30000.00   0.7869 11
30050.00   0.7492 10
30100.00   0.8267 12
30150.00   0.7869 11
30200.00   0.7869 11
30250.00   0.7134  9
30300.00   0.7492 10
30350.00   0.7869 11
30400.00   0.7492 10
30450.00   0.7492 10
30500.00   0.8267 12
30550.00   0.8267 12
30600.00   0.7492 10
30650.00   0.7492 10
30700.00   0.7869 11
30750.00   0.8267 12
30800.00   0.6776  8
30850.01   0.7492 10
30900.00   0.8267 12
30950.00   0.7134  9
31000.00   0.7869 11
31050.00   0.7134  9
31100.00   0.7869 11
31150.00   0.7869 11
31200.00   0.7869 11
31250.00   0.8267 12
31300.00   0.7869 11
31350.00   0.7869 11
31400.00   0.7869 11
31450.00   0.7492 10
31500.00   0.7492 10
31550.00   0.7869 11
31600.00   0.7134  9
31650.00   0.7134  9
31700.00   0.8267 12
31750.00   0.7492 10
31800.00   0.8267 12
31850.00   0.7869 11
31900.00   0.7492 10
31950.00   0.7869 11
32000.00   0.7869 11
32050.00   0.7492 10
32100.00   0.7492 10
32150.00   0.8267 12
32200.00   0.7492 10
32250.00   0.8267 12
32300.00   0.7869 11
32350.00   0.7134  9
32400.00   0.8267 12
32450.00   0.6448  7
32500.00   0.7869 11
32550.00   0.8267 12
32600.00   0.7134  9
32650.00   0.8267 12
32700.00   0.7492 10
32750.00   0.7869 11
32800.00   0.7134  9
32850.00   0.8267 12
32900.00   0.7492 10
32950.00   0.8267 12
33000.00   0.7869 11
33050.00   0.7869 11
33100.00   0.8267 12
33150.00   0.8267 12
33200.00   0.7492 10
33250.01   0.7134  9
33300.00   0.7134  9
33350.00   0.7869 11
33400.00   0.7134  9
33450.00   0.7134  9
33500.00   0.8267 12
33550.00   0.7869 11
33600.00   0.7134  9
33650.00   0.8267 12
33700.00   0.8267 12
33750.00   0.7492 10
33800.00   0.7134  9
33850.00   0.7134  9
33900.00   0.7869 11
33950.00   0.7492 10
34000.00   0.7869 11
34050.00   0.7869 11
34100.00   0.7492 10
34150.00   0.6776  8
34200.00   0.7492 10
34250.00   0.6776  8
34300.00   0.7134  9
34350.00   0.7134  9
34400.00   0.7869 11
34450.00   0.8267 12
34500.00   0.7869 11
34550.00   0.7492 10
34600.00   0.7492 10
34650.00   0.8267 12
34700.00   0.7134  9
34750.00   0.7869 11
34800.00   0.7492 10
34850.00   0.6776  8
34900.00   0.8267 12
34950.00   0.6776  8
35000.00   0.8267 12
35050.00   0.8267 12
35100.00   0.8267 12
35150.00   0.8267 12
35200.00   0.7134  9
35250.00   0.7134  9
35300.00   0.7869 11
35350.00   0.7134  9
35400.00   0.8267 12
35450.00   0.7869 11
35500.00   0.7134  9
35550.00   0.7134  9
35600.00   0.7134  9
35650.00   0.7869 11
35700.00   0.7134  9
35750.00   0.7869 11
35800.00   0.7492 10
35850.00   0.8267 12
35900.00   0.7134  9
35950.00   0.7134  9
36000.00   0.7134  9
36050.00   0.8267 12
36100.00   0.7492 10
36150.00   0.7492 10
36200.00   0.8267 12
36250.00   0.7134  9
36300.00   0.7869 11
36350.00   0.7134  9
36400.00   0.8267 12
36450.00   0.7869 11
36500.00   0.7869 11
36550.00   0.8267 12
36600.00   0.8267 12
36650.00   0.7492 10
36700.00   0.8267 12
36750.00   0.7492 10
36800.00   0.7492 10
36850.00   0.7869 11
36900.00   0.8267 12
36950.00   0.7492 10
37000.00   0.8267 12
37050.00   0.8267 12
37100.00   0.7134  9
37150.00   0.7869 11
37200.00   0.7492 10
37250.00   0.8267 12
37300.00   0.7869 11
37350.00   0.8267 12
37400.00   0.7492 10
37450.00   0.7134  9
37500.01   0.6776  8
37550.00   0.7492 10
37600.00   0.7492 10
37650.00   0.7492 10
37700.00   0.7134  9
37750.00   0.7492 10
37800.00   0.7869 11
37850.00   0.7492 10
37900.00   0.7869 11
37950.00   0.8267 12
38000.00   0.8267 12
38050.00   0.7492 10
38100.00   0.7134  9
38150.00   0.7869 11
38200.00   0.7869 11
38250.00   0.7869 11
38300.00   0.8267 12
38350.00   0.7134  9
38400.00   0.7869 11
38450.00   0.8267 12
38500.00   0.7869 11
38550.00   0.6776  8
38600.00   0.7134  9
38650.00   0.8267 12
38700.00   0.7492 10
38750.00   0.7492 10
38800.00   0.8267 12
38850.00   0.7869 11
38900.00   0.7134  9
38950.00   0.8267 12
39000.00   0.7134  9
39050.00   0.8267 12
39100.00   0.7492 10
39150.00   0.7869 11
39200.00   0.7134  9
39250.00   0.7134  9
39300.00   0.7492 10
39350.00   0.7492 10
39400.00   0.7492 10
39450.00   0.8267 12
39500.00   0.7492 10
39550.00   0.8267 12
39600.00   0.7134  9
39650.00   0.8267 12
39700.00   0.7134  9
39750.01   0.8267 12
39800.00   0.8267 12
39850.00   0.7134  9
39900.00   0.8267 12
39950.00   0.7134  9
40000.00   0.7869 11
40050.00   0.7134  9
40100.00   0.7492 10
40150.00   0.6448  7
40200.00   0.7134  9
40250.00   0.6776  8
40300.00   0.7492 10
40350.00   0.6776  8
40400.00   0.7134  9
40450.00   0.7134  9
40500.00   0.7134  9
40550.00   0.7134  9
40600.00   0.8267 12
40650.00   0.7492 10
40700.00   0.7869 11
40750.00   0.8267 12
40800.00   0.7492 10
40850.00   0.7492 10
40900.00   0.7134  9
40950.00   0.7134  9
41000.00   0.7869 11
41050.00   0.8267 12
41100.00   0.6776  8
41150.00   0.7869 11
41200.00   0.7134  9
41250.00   0.7869 11
41300.00   0.8267 12
41350.00   0.7492 10
41400.00   0.7134  9
41450.00   0.8267 12
41500.00   0.8267 12
41550.00   0.6776  8
41600.01   0.8267 12
41650.00   0.6776  8
41700.00   0.7869 11
41750.00   0.8267 12
41800.00   0.8267 12
41850.00   0.8267 12
41900.00   0.7492 10
41950.00   0.7492 10
42000.00   0.7869 11
42050.00   0.6448  7
42100.00   0.7492 10
42150.00   0.7492 10
42200.00   0.7492 10
42250.00   0.7134  9
42300.00   0.6448  7
42350.00   0.7869 11
42400.00   0.7492 10
42450.00   0.7134  9
42500.00   0.6776  8
42550.00   0.7134  9
42600.00   0.7869 11
42650.00   0.8267 12
42700.00   0.6776  8
42750.00   0.7492 10
42800.00   0.7134  9
42850.00   0.7492 10
42900.00   0.7134  9
42950.00   0.7869 11
43000.00   0.6776  8
43050.00   0.7492 10
43100.00   0.7869 11
43150.00   0.7492 10
43200.00   0.7492 10
43250.00   0.7134  9
43300.00   0.7492 10
43350.00   0.7869 11
43400.00   0.8267 12
43450.00   0.8267 12
43500.01   0.7869 11
43550.00   0.7492 10
43600.00   0.8267 12
43650.00   0.8267 12
43700.00   0.7869 11
43750.00   0.7492 10
43800.00   0.7492 10
43850.00   0.8267 12
43900.00   0.7869 11
43950.00   0.8267 12
44000.00   0.7492 10
44050.00   0.8267 12
44100.00   0.7869 11
44150.00   0.7869 11
44200.00   0.7492 10
44250.00   0.8267 12
44300.00   0.8267 12
44350.00   0.7134  9
44400.00   0.7492 10
44450.00   0.8267 12
44500.00   0.8267 12
44550.00   0.8267 12
44600.00   0.8267 12
44650.00   0.7492 10
44700.00   0.7492 10
44750.00   0.7492 10
44800.00   0.7492 10
44850.00   0.7492 10
44900.00   0.7492 10
44950.00   0.7869 11
45000.00   0.7869 11
45050.00   0.8267 12
45100.00   0.8267 12
45150.00   0.7492 10
45200.00   0.7492 10
45250.00   0.6776  8
45300.00   0.8267 12
45350.00   0.7134  9
45400.00   0.7869 11
45450.00   0.7869 11
45500.00   0.7869 11
45550.00   0.7869 11
45600.00   0.8267 12
45650.00   0.7869 11
45700.00   0.7492 10
45750.00   0.8267 12
45800.00   0.7134  9
45850.00   0.8267 12
45900.00   0.6776  8
45950.00   0.7134  9
46000.00   0.7869 11
46050.00   0.7869 11
46100.00   0.7492 10
46150.00   0.7492 10
46200.00   0.7492 10
46250.00   0.8267 12
46300.00   0.7492 10
46350.00   0.7869 11
46400.00   0.7869 11
46450.00   0.7134  9
46500.00   0.8267 12
46550.00   0.7492 10
46600.00   0.8267 12
46650.00   0.7492 10
46700.00   0.7134  9
46750.00   0.7134  9
46800.00   0.7869 11
46850.00   0.8267 12
46900.00   0.7134  9
46950.00   0.7492 10
47000.00   0.7869 11
47050.00   0.6776  8
47100.00   0.6776  8
47150.00   0.7492 10
47200.00   0.7869 11
47250.00   0.7869 11
47300.00   0.8267 12
47350.00   0.7134  9
47400.00   0.7134  9
47450.00   0.7869 11
47500.00   0.7134  9
47550.00   0.7134  9
47600.00   0.8267 12
47650.00   0.7492 10
47700.00   0.7869 11
47750.00   0.7869 11
47800.00   0.7492 10
47850.00   0.7492 10
47900.00   0.7869 11
47950.00   0.7869 11
48000.00   0.7134  9
48050.00   0.7134  9
48100.00   0.7134  9
48150.00   0.8267 12
48200.00   0.7492 10
48250.00   0.8267 12
48300.00   0.7134  9
48350.00   0.6776  8
48400.00   0.7134  9
48450.00   0.6776  8
48500.00   0.7134  9
48550.00   0.6776  8
48600.00   0.6776  8
48650.00   0.5813  5
48700.00   0.5514  4
48750.00   0.5236  3
48800.00   0.6776  8
48850.00   0.6121  6
48900.00   0.5813  5
48950.00   0.5236  3
49000.01   0.5514  4
49050.00   0.5813  5
49100.00   0.4700  1
49150.00   0.4968  2
49200.00   0.4968  2
49250.00   0.4968  2
49300.00   0.4700  1
49350.00   0.4700  1
49400.00   0.4968  2
49450.00   0.5813  5
49500.00   0.5813  5
49550.00   0.5236  3
49600.00   0.6121  6
49650.00   0.6776  8
49700.00   0.4700  1
49750.00   0.5514  4
49800.00   0.4968  2
49850.00   0.6121  6
49900.00   0.6448  7
49950.00   0.6121  6
50000.00   0.5236  3
50050.00   0.5236  3
50100.00   0.6776  8
50150.00   0.6121  6
50200.00   0.6776  8
50250.00   0.6776  8
50300.00   0.7134  9
50350.00   0.6448  7
50400.00   0.6776  8
50450.00   0.7134  9
50500.00   0.5813  5
50550.00   0.6448  7
50600.00   0.6776  8
50650.00   0.5514  4
50700.00   0.5514  4
50750.00   0.7134  9
50800.00   0.5236  3
50850.00   0.5236  3
50900.00   0.6121  6
50950.00   0.4968  2
51000.00   0.6776  8
51050.00   0.4968  2
51100.00   0.4700  1
51150.00   0.5514  4
51200.00   0.4700  1
51250.00   0.5813  5
51300.00   0.6448  7
51350.00   0.6448  7
51400.00   0.5236  3
51450.00   0.6121  6
51500.00   0.5236  3
51550.00   0.6121  6
51600.00   0.5236  3
51650.00   0.5813  5
51700.00   0.5514  4
51750.00   0.5813  5
51800.00   0.6448  7
51850.00   0.6448  7
51900.00   0.5813  5
51950.00   0.5514  4
52000.00   0.5236  3
52050.00   0.5813  5
52100.00   0.5236  3
52150.00   0.5236  3
52200.00   0.5236  3
52250.00   0.4968  2
52300.00   0.5236  3
52350.00   0.5813  5
52400.00   0.5236  3
52450.00   0.4700  1
52500.00   0.4968  2
52550.01   0.4700  1
52600.00   0.4968  2
52650.00   0.5514  4
52700.00   0.4700  1
52750.00   0.5236  3
52800.00   0.4968  2
52850.00   0.4968  2
52900.00   0.6776  8
52950.00   0.4968  2
53000.00   0.4968  2
53050.00   0.5813  5
53100.00   0.4700  1
53150.00   0.5514  4
53200.00   0.5514  4
53250.00   0.4700  1
53300.00   0.5236  3
53350.00   0.4700  1
53400.00   0.4968  2
53450.00   0.6121  6
53500.00   0.4968  2
53550.00   0.4700  1
53600.00   0.5236  3
53650.00   0.5514  4
53700.00   0.5514  4
53750.00   0.4968  2
53800.00   0.4700  1
53850.00   0.5514  4
53900.00   0.5514  4
53950.00   0.5813  5
54000.00   0.5236  3
54050.00   0.4968  2
54100.00   0.5514  4
54150.00   0.4700  1
54200.00   0.5236  3
54250.00   0.4968  2
54300.00   0.5236  3
54350.00   0.4968  2
54400.00   0.4700  1
54450.00   0.4968  2
54500.00   0.4700  1
54550.00   0.4700  1
54600.00   0.5514  4
54650.00   0.6776  8
54700.00   0.5236  3
54750.00   0.4700  1
54800.00   0.4700  1
54850.00   0.4968  2
54900.00   0.5813  5
54950.00   0.5236  3
55000.01   0.6121  6
55050.00   0.5514  4
55100.00   0.5813  5
55150.00   0.4700  1
55200.00   0.4968  2
55250.00   0.6448  7
55300.00   0.4700  1
55350.00   0.5236  3
55400.00   0.5813  5
55450.00   0.6121  6
55500.00   0.4700  1
55550.00   0.4968  2
55600.00   0.4968  2
55650.00   0.4968  2
55700.00   0.5514  4
55750.00   0.5514  4
55800.00   0.5514  4
55850.00   0.4968  2
55900.00   0.5236  3
55950.00   0.5236  3
56000.00   0.6448  7
56050.00   0.4700  1
56100.00   0.4968  2
56150.00   0.4700  1
56200.00   0.4700  1
56250.00   0.4700  1
56300.00   0.4700  1
56350.00   0.6121  6
56400.00   0.5236  3
56450.00   0.5514  4
56500.00   0.6121  6
56550.00   0.5236  3
56600.00   0.4968  2
56650.00   0.6121  6
56700.00   0.6448  7
56750.00   0.4700  1
56800.00   0.4700  1
56850.00   0.5236  3
56900.00   0.4700  1
56950.00   0.4700  1
57000.00   0.5813  5
57050.00   0.6448  7
57100.00   0.4968  2
57150.00   0.4968  2
57200.00   0.5514  4
57250.00   0.5813  5
57300.00   0.4700  1
57350.00   0.4968  2
57400.00   0.5236  3
57450.00   0.5236  3
57500.00   0.4968  2
57550.00   0.6448  7
57600.00   0.4968  2
57650.00   0.5236  3
57700.00   0.4968  2
57750.00   0.5813  5
57800.00   0.4968  2
57850.00   0.4700  1
57900.00   0.5514  4
57950.00   0.6121  6
58000.00   0.5236  3
58050.00   0.5514  4
58100.00   0.5236  3
58150.00   0.5514  4
58200.00   0.5514  4
58250.00   0.5236  3
58300.00   0.6448  7
58350.00   0.5813  5
58400.00   0.6448  7
58450.00   0.5813  5
58500.00   0.6121  6
58550.00   0.6121  6
58600.00   0.4700  1
58650.00   0.5236  3
58700.00   0.6121  6
58750.00   0.5236  3
58800.00   0.4968  2
58850.00   0.4700  1
58900.00   0.6776  8
58950.00   0.5813  5
59000.00   0.5236  3
59050.00   0.4700  1
59100.00   0.5514  4
59150.00   0.4968  2
59200.00   0.5514  4
59250.00   0.4968  2
59300.00   0.5236  3
59350.00   0.4968  2
59400.00   0.6448  7
59450.00   0.5236  3
59500.00   0.5236  3
59550.00   0.6121  6
59600.00   0.4968  2
59650.00   0.6121  6
59700.00   0.5236  3
59750.00   0.4700  1
59800.00   0.4968  2
59850.00   0.4700  1
59900.00   0.4700  1
59950.00   0.6121  6
60000.00   0.6121  6
60050.00   0.5236  3
60100.00   0.4700  1
60150.00   0.5236  3
60200.00   0.4700  1
60250.00   0.5813  5
60300.00   0.5813  5
60350.00   0.5236  3
60400.00   0.4968  2
60450.00   0.4968  2
60500.00   0.6448  7
60550.00   0.5514  4
60600.00   0.5514  4
60650.00   0.4968  2
60700.00   0.6121  6
60750.00   0.6121  6
60800.00   0.4968  2
60850.00   0.5813  5
60900.00   0.6121  6
60950.00   0.6448  7
61000.00   0.4700  1
61050.00   0.4968  2
61100.00   0.6448  7
61150.00   0.5813  5
61200.00   0.5514  4
61250.00   0.6121  6
61300.00   0.5236  3
61350.01   0.5514  4
61400.01   0.5236  3
61450.00   0.6776  8
61500.00   0.6448  7
61550.00   0.4968  2
61600.00   0.4700  1
61650.00   0.5236  3
61700.00   0.5236  3
61750.00   0.5236  3
61800.00   0.5236  3
61850.00   0.4968  2
61900.00   0.5813  5
61950.00   0.4968  2
62000.00   0.5514  4
62050.00   0.5514  4
62100.00   0.6121  6
62150.00   0.4700  1
62200.00   0.5236  3
62250.00   0.4968  2
62300.00   0.5236  3
62350.00   0.5514  4
62400.00   0.5514  4
62450.00   0.4700  1
62500.01   0.4700  1
62550.00   0.6121  6
62600.00   0.6121  6
62650.00   0.6121  6
62700.00   0.5813  5
62750.00   0.4700  1
62800.00   0.5514  4
62850.00   0.6448  7
62900.00   0.5236  3
62950.00   0.5813  5
63000.00   0.4968  2
63050.00   0.5236  3
63100.00   0.4968  2
63150.00   0.6448  7
63200.00   0.6121  6
63250.00   0.6121  6
63300.00   0.5236  3
63350.00   0.5236  3
63400.00   0.5813  5
63450.00   0.6121  6
63500.00   0.5236  3
63550.00   0.5813  5
63600.00   0.6121  6
63650.00   0.5813  5
63700.00   0.5813  5
63750.00   0.4700  1
63800.00   0.4700  1
63850.00   0.5236  3
63900.00   0.5514  4
63950.00   0.5514  4
64000.00   0.4968  2
64050.00   0.5813  5
64100.00   0.6121  6
64150.00   0.6448  7
64200.00   0.5813  5
64250.00   0.6448  7
64300.00   0.5813  5
64350.00   0.5514  4
64400.00   0.6448  7
64450.00   0.5236  3
64500.00   0.5514  4
64550.00   0.5236  3
64600.00   0.6448  7
64650.00   0.6121  6
64700.00   0.5813  5
64750.00   0.4968  2
64800.00   0.5813  5
64850.00   0.6448  7
64900.00   0.6448  7
64950.00   0.6448  7
65000.00   0.7134  9
65050.00   0.5813  5
65100.00   0.6121  6
65150.00   0.4968  2
65200.00   0.6121  6
65250.00   0.5514  4
65300.00   0.6121  6
65350.00   0.4700  1
65400.00   0.5236  3
65450.00   0.5514  4
65500.00   0.6121  6
65550.00   0.5813  5
65600.00   0.5514  4
65650.00   0.4700  1
65700.00   0.4700  1
65750.00   0.6121  6
65800.00   0.5236  3
65850.00   0.5813  5
65900.00   0.6448  7
65950.00   0.5236  3
66000.00   0.6121  6
66050.00   0.5813  5
66100.00   0.6448  7
66150.00   0.4700  1
66200.00   0.5514  4
66250.00   0.6448  7
66300.00   0.5514  4
66350.00   0.5514  4
66400.00   0.5236  3
66450.00   0.4968  2
66500.00   0.6121  6
66550.00   0.4968  2
66600.00   0.5514  4
66650.00   0.6448  7
66700.00   0.5514  4
66750.00   0.5813  5
66800.00   0.5813  5
66850.00   0.4700  1
66900.00   0.4968  2
66950.00   0.4700  1
67000.00   0.4968  2
67050.00   0.6448  7
67100.00   0.5236  3
67150.00   0.4700  1
67200.00   0.4968  2
67250.00   0.4968  2
67300.00   0.6448  7
67350.00   0.5514  4
67400.00   0.5813  5
67450.00   0.5236  3
67500.00   0.5236  3
67550.00   0.5813  5
67600.00   0.5236  3
67650.00   0.5813  5
67700.00   0.5813  5
67750.00   0.5236  3
67800.00   0.6448  7
67850.00   0.4700  1
67900.00   0.5236  3
67950.00   0.6448  7
68000.00   0.5236  3
68050.00   0.6121  6
68100.00   0.5813  5
68150.00   0.4968  2
68200.00   0.4700  1
68250.00   0.5236  3
68300.00   0.4700  1
68350.00   0.5514  4
68400.00   0.4700  1
68450.00   0.5813  5
68500.00   0.5514  4
68550.00   0.6121  6
68600.00   0.4700  1
68650.00   0.4700  1
68700.00   0.5514  4
68750.00   0.4700  1
68800.00   0.5236  3
68850.00   0.5514  4
68900.00   0.5236  3
68950.00   0.6121  6
69000.00   0.6448  7
69050.00   0.5236  3
69100.00   0.4700  1
69150.00   0.4700  1
69200.00   0.4968  2
69250.01   0.5813  5
69300.00   0.5514  4
69350.00   0.5813  5
69400.00   0.4968  2
69450.00   0.4968  2
69500.00   0.5514  4
69550.00   0.5514  4
69600.00   0.6448  7
69650.01   0.4968  2
69700.00   0.5236  3
69750.00   0.5813  5
69800.00   0.6121  6
69850.00   0.5813  5
69900.00   0.5236  3
69950.00   0.5236  3
70000.00   0.6448  7
70050.00   0.6121  6
70100.00   0.5236  3
70150.00   0.6121  6
70200.00   0.4968  2
70250.00   0.5236  3
70300.00   0.4700  1
70350.00   0.4968  2
70400.00   0.5236  3
70450.00   0.5514  4
70500.00   0.5236  3
70550.00   0.4968  2
70600.00   0.5514  4
70650.00   0.5813  5
70700.00   0.4968  2
70750.00   0.5514  4
70800.01   0.5514  4
70850.00   0.4968  2
70900.00   0.6121  6
70950.00   0.5236  3
71000.00   0.4700  1
71050.00   0.6121  6
71100.00   0.4968  2
71150.00   0.6448  7
71200.00   0.6448  7
71250.00   0.5514  4
71300.00   0.5236  3
71350.00   0.5236  3
71400.00   0.5514  4
71450.00   0.6448  7
71500.00   0.4968  2
71550.00   0.5813  5
71600.00   0.6121  6
71650.00   0.6448  7
71700.00   0.4700  1
71750.00   0.4968  2
71800.00   0.5514  4
71850.00   0.5514  4
71900.00   0.4700  1
71950.00   0.4700  1
72000.00   0.6121  6
72050.00   0.6121  6
72100.00   0.5813  5
72150.00   0.4700  1
72200.00   0.4968  2
72250.00   0.4700  1
72300.00   0.4968  2
72350.00   0.4968  2
72400.00   0.5514  4
72450.00   0.4968  2
72500.00   0.5813  5
72550.00   0.6448  7
72600.00   0.4700  1
72650.00   0.5236  3
72700.00   0.4700  1
72750.00   0.5514  4
72800.00   0.5813  5
72850.00   0.4968  2
72900.00   0.4968  2
72950.00   0.6121  6
73000.00   0.4700  1
73050.00   0.5514  4
73100.00   0.5813  5
73150.00   0.5514  4
73200.00   0.5236  3
73250.00   0.5813  5
73300.00   0.6121  6
73350.00   0.4968  2
73400.00   0.4700  1
73450.00   0.4968  2
73500.00   0.4700  1
73550.00   0.4700  1
73600.00   0.4968  2
73650.00   0.5813  5
73700.00   0.5236  3
73750.00   0.4968  2
73800.00   0.5813  5
73850.00   0.5514  4
73900.00   0.6121  6
73950.00   0.4700  1
74000.00   0.4968  2
74050.00   0.4700  1
74100.00   0.5236  3
74150.00   0.4968  2
74200.00   0.5514  4
74250.00   0.4968  2
74300.00   0.4968  2
74350.00   0.4700  1
74400.00   0.4968  2
74450.00   0.4968  2
74500.00   0.5813  5
74550.00   0.4700  1
74600.00   0.4700  1
74650.00   0.4700  1
74700.00   0.5813  5
74750.00   0.4968  2
74800.00   0.4968  2
74850.00   0.4968  2
74900.00   0.4700  1
74950.00   0.4968  2
75000.00   0.5236  3
75050.00   0.6121  6
75100.00   0.6448  7
75150.00   0.5514  4
75200.00   0.5236  3
75250.00   0.5813  5
75300.00   0.4700  1
75350.00   0.4700  1
75400.00   0.5236  3
75450.00   0.5236  3
75500.00   0.4700  1
75550.00   0.5514  4
75600.00   0.4700  1
75650.00   0.5514  4
75700.00   0.5813  5
75750.00   0.4968  2
75800.00   0.4968  2
75850.00   0.5236  3
75900.00   0.4968  2
75950.00   0.4968  2
76000.00   0.4700  1
76050.00   0.4968  2
76100.00   0.4968  2
76150.00   0.5236  3
76200.00   0.5514  4
76250.00   0.4968  2
76300.00   0.4968  2
76350.00   0.4700  1
76400.00   0.4968  2
76450.00   0.5514  4
76500.00   0.5236  3
76550.00   0.5236  3
76600.00   0.4700  1
76650.00   0.6448  7
76700.00   0.6448  7
76750.00   0.7134  9
76800.00   0.5813  5
76850.00   0.6448  7
76900.00   0.5236  3
76950.00   0.5514  4
77000.00   0.5813  5
77050.00   0.5514  4
77100.00   0.4700  1
77150.00   0.5236  3
77200.00   0.5514  4
77250.00   0.5514  4
77300.00   0.4968  2
77350.00   0.4700  1
77400.00   0.5813  5
77450.00   0.4968  2
77500.00   0.4700  1
77550.00   0.6121  6
77600.00   0.4968  2
77650.00   0.5514  4
77700.00   0.5813  5
77750.00   0.4700  1
77800.00   0.5236  3
77850.00   0.4968  2
77900.00   0.4968  2
77950.00   0.5813  5
78000.00   0.5514  4
78050.00   0.5514  4
78100.00   0.5813  5
78150.00   0.5813  5
78200.00   0.5236  3
78250.00   0.4700  1
78300.00   0.5514  4
78350.00   0.6121  6
78400.00   0.4968  2
78450.00   0.6448  7
78500.00   0.4700  1
78550.00   0.4968  2
78600.00   0.5236  3
78650.00   0.5813  5
78700.00   0.4968  2
78750.00   0.4968  2
78800.00   0.6121  6
78850.00   0.6121  6
78900.01   0.5236  3
78950.00   0.4700  1
79000.00   0.5236  3
79050.00   0.5813  5
79100.00   0.4700  1
79150.00   0.5813  5
79200.00   0.4968  2
79250.00   0.5236  3
79300.00   0.4700  1
79350.00   0.6121  6
79400.00   0.4700  1
79450.00   0.4968  2
79500.00   0.6121  6
79550.00   0.6448  7
79600.00   0.5236  3
79650.00   0.6448  7
79700.00   0.5514  4
79750.00   0.4700  1
79800.00   0.5514  4
79850.00   0.5236  3
79900.00   0.5236  3
79950.00   0.6121  6
80000.00   0.4968  2
80050.00   0.6121  6
80100.00   0.5514  4
80150.00   0.6121  6
80200.00   0.5514  4
80250.00   0.6121  6
80300.00   0.4700  1
80350.00   0.4968  2
80400.00   0.5236  3
80450.00   0.6448  7
80500.00   0.5514  4
80550.00   0.4700  1
80600.00   0.4700  1
80650.00   0.5813  5
80700.00   0.6121  6
80750.00   0.4968  2
80800.00   0.5236  3
80850.00   0.5236  3
80900.00   0.4968  2
80950.00   0.5236  3
81000.00   0.4700  1
81050.00   0.5514  4
81100.00   0.5514  4
81150.00   0.5813  5
81200.00   0.6776  8
81250.00   0.5514  4
81300.00   0.5236  3
81350.00   0.5514  4
81400.01   0.4968  2
81450.00   0.5236  3
81500.00   0.4968  2
81550.00   0.4968  2
81600.00   0.4968  2
81650.00   0.6121  6
81700.00   0.4968  2
81750.00   0.6121  6
81800.00   0.5514  4
81850.00   0.5813  5
81900.00   0.5236  3
81950.00   0.4700  1
82000.00   0.5236  3
82050.00   0.5813  5
82100.00   0.5813  5
82150.00   0.4700  1
82200.00   0.5813  5
82250.00   0.4700  1
82300.00   0.5236  3
82350.00   0.5813  5
82400.00   0.6121  6
82450.01   0.5813  5
82500.00   0.4968  2
82550.00   0.6448  7
82600.00   0.5236  3
82650.00   0.5813  5
82700.00   0.5514  4
82750.00   0.4700  1
82800.00   0.5514  4
82850.00   0.4700  1
82900.00   0.6448  7
82950.00   0.4700  1
83000.00   0.4968  2
83050.00   0.5813  5
83100.00   0.6448  7
83150.00   0.4968  2
83200.00   0.4968  2
83250.00   0.5236  3
83300.00   0.6121  6
83350.00   0.6448  7
83400.00   0.6121  6
83450.00   0.4968  2
83500.00   0.5514  4
83550.00   0.4968  2
83600.00   0.4968  2
83650.00   0.6121  6
83700.00   0.4700  1
83750.00   0.5813  5
83800.00   0.4968  2
83850.00   0.5813  5
83900.00   0.4700  1
83950.00   0.4968  2
84000.00   0.4700  1
84050.00   0.6121  6
84100.00   0.4700  1
84150.00   0.4968  2
84200.00   0.4700  1
84250.00   0.5236  3
84300.00   0.5514  4
84350.00   0.5514  4
84400.00   0.5236  3
84450.00   0.4700  1
84500.01   0.4700  1
84550.00   0.5813  5
84600.00   0.4700  1
84650.00   0.4700  1
84700.00   0.4700  1
84750.00   0.6776  8
84800.00   0.4700  1
84850.01   0.4968  2
84900.00   0.4700  1
84950.00   0.6121  6
85000.01   0.5514  4
85050.00   0.5813  5
85100.00   0.5236  3
85150.00   0.5514  4
85200.00   0.5236  3
85250.00   0.4700  1
85300.00   0.5514  4
85350.00   0.5236  3
85400.00   0.4968  2
85450.00   0.4700  1
85500.00   0.5236  3
85550.00   0.6121  6
85600.00   0.6121  6
85650.00   0.5813  5
85700.00   0.6448  7
85750.00   0.6448  7
85800.00   0.6121  6
85850.00   0.6121  6
85900.00   0.5514  4
85950.00   0.4700  1
86000.00   0.5236  3
86050.00   0.5236  3
86100.00   0.5514  4
86150.00   0.4968  2
86200.00   0.5236  3
86250.00   0.5236  3
86300.00   0.5514  4
86350.00   0.5514  4
86400.00   0.6121  6
86450.00   0.4700  1
86500.00   0.5514  4
86550.00   0.6121  6
86600.00   0.4968  2
86650.00   0.5514  4
86700.00   0.5236  3
86750.00   0.5236  3
86800.00   0.5236  3
86850.00   0.4700  1
86900.00   0.5813  5
86950.00   0.5813  5
87000.00   0.5514  4
87050.00   0.5514  4
87100.00   0.5236  3
87150.00   0.4700  1
87200.00   0.4968  2
87250.00   0.4968  2
87300.00   0.5514  4
87350.01   0.6121  6
87400.00   0.6121  6
87450.00   0.4968  2
87500.00   0.4700  1
87550.00   0.6121  6
87600.00   0.5813  5
87650.00   0.5813  5
87700.00   0.6448  7
87750.00   0.6121  6
87800.00   0.5514  4
87850.00   0.6448  7
87900.00   0.5236  3
87950.00   0.4700  1
88000.00   0.5514  4
88050.00   0.5514  4
88100.00   0.5514  4
88150.00   0.6121  6
88200.01   0.5514  4
88250.00   0.6448  7
88300.00   0.6121  6
88350.00   0.5514  4
88400.00   0.4968  2
88450.00   0.4968  2
88500.01   0.4700  1
88550.00   0.5514  4
88600.00   0.5813  5
88650.00   0.4968  2
88700.00   0.6121  6
88750.00   0.4968  2
88800.01   0.4700  1
88850.00   0.4700  1
88900.00   0.5813  5
88950.01   0.5236  3
89000.00   0.5514  4
89050.00   0.4700  1
89100.00   0.4700  1
89150.00   0.6121  6
89200.00   0.5514  4
89250.00   0.5514  4
89300.01   0.4968  2
89350.00   0.5514  4
89400.00   0.5813  5
89450.00   0.6776  8
89500.00   0.6448  7
89550.00   0.6121  6
89600.00   0.5514  4
89650.00   0.6121  6
89700.00   0.5514  4
89750.00   0.5514  4
89800.00   0.4700  1
89850.00   0.5236  3
89900.00   0.5236  3
89950.00   0.5236  3
90000.00   0.5236  3
90050.00   0.4968  2
90100.01   0.5236  3
90150.00   0.4700  1
90200.00   0.6448  7
90250.01   0.6448  7
90300.00   0.4700  1
90350.00   0.5236  3
90400.00   0.4968  2
90450.00   0.5514  4
90500.00   0.5236  3
90550.00   0.5236  3
90600.00   0.6448  7
90650.00   0.5236  3
90700.00   0.4700  1
90750.00   0.4700  1
90800.00   0.4700  1
90850.00   0.4968  2
90900.00   0.4700  1
90950.00   0.4968  2
91000.00   0.5514  4
91050.00   0.5514  4
91100.00   0.4968  2
91150.00   0.5813  5
91200.00   0.6121  6
91250.00   0.4968  2
91300.00   0.4700  1
91350.00   0.4700  1
91400.00   0.6121  6
91450.00   0.5813  5
91500.00   0.5514  4
91550.00   0.5514  4
91600.00   0.4968  2
91650.00   0.5514  4
91700.00   0.5813  5
91750.00   0.4700  1
91800.00   0.4700  1
91850.00   0.4700  1
91900.00   0.4700  1
91950.00   0.6121  6
92000.00   0.6121  6
92050.00   0.4968  2
92100.00   0.4700  1
92150.01   0.6448  7
92200.00   0.5236  3
92250.00   0.5514  4
92300.00   0.5236  3
92350.00   0.6776  8
92400.00   0.4700  1
92450.00   0.4700  1
92500.00   0.5813  5
92550.00   0.5236  3
92600.00   0.5514  4
92650.00   0.5813  5
92700.00   0.6448  7
92750.00   0.4700  1
92800.00   0.5236  3
92850.00   0.4968  2
92900.00   0.4968  2
92950.00   0.5236  3
93000.00   0.4968  2
93050.01   0.4968  2
93100.00   0.4968  2
93150.00   0.5236  3
93200.00   0.5514  4
93250.00   0.4700  1
93300.00   0.4700  1
93350.00   0.6448  7
93400.00   0.4968  2
93450.00   0.5514  4
93500.00   0.5236  3
93550.00   0.4968  2
93600.01   0.5514  4
93650.00   0.6448  7
93700.00   0.5813  5
93750.01   0.4700  1
93800.00   0.5813  5
93850.00   0.5514  4
93900.00   0.6448  7
93950.00   0.6121  6
94000.00   0.5813  5
94050.00   0.5236  3
94100.00   0.4700  1
94150.00   0.4700  1
94200.00   0.5236  3
94250.00   0.6121  6
94300.00   0.5813  5
94350.00   0.4968  2
94400.00   0.4968  2
94450.00   0.5236  3
94500.00   0.4968  2
94550.00   0.5514  4
94600.00   0.6121  6
94650.00   0.5236  3
94700.00   0.5813  5
94750.00   0.5813  5
94800.00   0.6448  7
94850.00   0.4700  1
94900.00   0.5813  5
94950.00   0.5514  4
95000.00   0.4700  1
95050.00   0.5236  3
95100.00   0.6448  7
95150.00   0.6776  8
95200.00   0.6121  6
95250.00   0.5236  3
95300.00   0.5514  4
95350.00   0.5514  4
95400.00   0.5514  4
95450.00   0.5236  3
95500.00   0.6448  7
95550.00   0.6776  8
95600.00   0.5813  5
95650.00   0.6448  7
95700.00   0.6448  7
95750.00   0.6121  6
95800.00   0.6121  6
95850.00   0.5514  4
95900.00   0.5514  4
95950.00   0.5236  3
96000.00   0.5813  5
96050.00   0.5514  4
96100.00   0.4700  1
96150.00   0.4968  2
96200.00   0.5236  3
96250.00   0.5514  4
96300.00   0.5236  3
96350.00   0.6121  6
96400.00   0.4700  1
96450.00   0.6121  6
96500.00   0.5813  5
96550.00   0.4968  2
96600.00   0.5514  4
96650.00   0.4968  2
96700.00   0.6121  6
96750.00   0.4968  2
96800.00   0.5236  3
96850.00   0.4700  1
96900.00   0.5813  5
96950.00   0.6448  7
97000.00   0.5236  3
97050.00   0.4968  2
97100.00   0.5514  4
97150.00   0.4700  1
97200.00   0.5236  3
97250.00   0.5514  4
97300.00   0.5514  4
97350.00   0.5514  4
97400.00   0.5236  3
97450.00   0.5813  5
97500.00   0.6121  6
97550.00   0.6448  7
97600.00   0.5514  4
97650.00   0.5514  4
97700.00   0.4968  2
97750.00   0.6448  7
97800.00   0.5236  3
97850.00   0.5813  5
97900.00   0.6448  7
97950.00   0.4700  1
98000.00   0.5813  5
98050.00   0.6448  7
98100.00   0.5813  5
98150.00   0.4968  2
98200.00   0.5236  3
98250.00   0.4968  2
98300.00   0.4700  1
98350.00   0.5813  5
98400.00   0.6776  8
98450.00   0.4968  2
98500.00   0.4700  1
98550.00   0.6121  6
98600.00   0.5514  4
98650.00   0.4968  2
98700.00   0.5514  4
98750.00   0.5236  3
98800.00   0.6121  6
98850.00   0.5514  4
98900.00   0.4700  1
98950.00   0.5514  4
99000.00   0.4700  1
99050.00   0.4700  1
99100.00   0.4700  1
99150.00   0.5514  4
99200.00   0.6448  7
99250.00   0.5236  3
99300.00   0.4700  1
99350.00   0.4700  1
99400.00   0.5236  3
99450.00   0.5236  3
99500.00   0.5514  4
99550.00   0.5813  5
99600.00   0.4968  2
99650.00   0.5514  4
99700.00   0.4700  1
99750.00   0.4968  2
99800.00   0.4700  1
99850.00   0.4700  1
99900.00   0.5514  4
99950.00   0.5514  4
100000.00   0.4700  1
