50.00   0.6121  6
100.00   0.5236  3
150.00   0.5813  5
200.00   0.7134  9
250.00   0.5514  4
300.00   0.6121  6
350.00   0.5514  4
400.00   0.6448  7
450.00   0.6121  6
500.00   0.6121  6
550.00   0.6121  6
600.00   0.6121  6
650.00   0.6121  6
700.00   0.6121  6
750.00   0.6448  7
800.00   0.5813  5
850.00   0.5813  5
900.00   0.6121  6
950.00   0.5813  5
1000.00   0.6121  6
1050.00   0.7869 11
1100.00   0.6448  7
1150.00   0.7134  9
1200.00   0.6448  7
1250.00   0.6121  6
1300.00   0.6121  6
1350.00   0.4968  2
1400.00   0.6448  7
1450.00   0.5813  5
1500.00   0.8267 12
1550.00   0.7492 10
1600.00   0.8267 12
1650.00   0.6448  7
1700.00   0.6776  8
1750.00   0.6121  6
1800.00   0.5514  4
1850.00   0.6121  6
1900.00   0.6776  8
1950.00   0.6121  6
2000.00   0.7134  9
2050.00   0.6121  6
2100.00   0.7492 10
2150.00   0.6448  7
2200.00   0.6448  7
2250.00   0.5514  4
2300.00   0.7492 10
2350.00   0.6448  7
2400.00   0.7134  9
2450.00   0.7492 10
2500.00   0.6776  8
2550.00   0.7134  9
2600.00   0.8267 12
2650.00   0.6776  8
2700.00   0.6776  8
2750.00   0.6448  7
2800.01   0.5514  4
2850.00   0.7869 11
2900.00   0.6776  8
2950.00   0.7869 11
3000.00   0.5813  5
3050.00   0.6776  8
3100.00   0.6776  8
3150.00   0.6448  7
3200.00   0.6448  7
3250.00   0.7492 10
3300.00   0.6776  8
3350.00   0.7492 10
3400.00   0.6448  7
3450.00   0.6448  7
3500.00   0.8267 12
3550.00   0.7134  9
3600.00   0.6776  8
3650.00   0.7134  9
3700.00   0.6776  8
3750.00   0.7134  9
3800.00   0.6121  6
3850.00   0.6448  7
3900.00   0.6776  8
3950.00   0.6776  8
4000.00   0.6776  8
4050.00   0.6121  6
4100.00   0.7869 11
4150.00   0.7134  9
4200.00   0.6776  8
4250.00   0.6121  6
4300.00   0.6121  6
4350.00   0.6776  8
4400.00   0.7134  9
4450.00   0.6776  8
4500.00   0.6776  8
4550.00   0.6448  7
4600.00   0.6776  8
4650.00   0.6448  7
4700.00   0.7869 11
4750.00   0.7492 10
4800.00   0.6776  8
4850.00   0.6776  8
4900.00   0.7134  9
4950.00   0.6448  7
5000.00   0.6776  8
5050.00   0.6121  6
5100.00   0.7134  9
5150.00   0.6776  8
5200.00   0.6776  8
5250.00   0.6776  8
5300.00   0.8267 12
5350.00   0.6121  6
5400.00   0.7492 10
5450.00   0.7869 11
5500.00   0.6448  7
5550.00   0.6121  6
5600.00   0.6448  7
5650.00   0.7134  9
5700.00   0.5813  5
5750.00   0.6448  7
5800.00   0.6448  7
5850.00   0.6776  8
5900.00   0.7134  9
5950.00   0.7134  9
6000.00   0.6776  8
6050.00   0.6776  8
6100.00   0.7134  9
6150.00   0.6121  6
6200.00   0.6448  7
6250.00   0.6776  8
6300.00   0.6776  8
6350.00   0.5813  5
6400.00   0.6776  8
6450.00   0.7134  9
6500.00   0.6121  6
6550.00   0.7134  9
6600.00   0.7869 11
6650.00   0.6776  8
6700.00   0.6121  6
6750.00   0.6121  6
6800.00   0.6776  8
6850.00   0.6776  8
6900.00   0.6776  8
6950.00   0.7492 10
7000.00   0.6121  6
7050.00   0.7134  9
7100.00   0.6776  8
7150.00   0.7134  9
7200.00   0.7134  9
7250.00   0.7492 10
7300.00   0.7134  9
7350.00   0.6776  8
7400.00   0.7134  9
7450.00   0.8267 12
7500.00   0.7492 10
7550.00   0.8267 12
7600.00   0.6776  8
7650.00   0.7492 10
7700.00   0.6776  8
7750.00   0.5813  5
7800.00   0.6448  7
7850.00   0.7134  9
7900.00   0.7134  9
7950.00   0.6776  8
8000.00   0.7134  9
8050.00   0.6776  8
8100.00   0.7134  9
8150.00   0.7134  9
8200.00   0.8267 12
8250.00   0.7492 10
8300.00   0.6776  8
8350.00   0.7492 10
8400.00   0.6776  8
8450.00   0.6448  7
8500.00   0.6121  6
8550.00   0.6121  6
8600.00   0.5813  5
8650.00   0.6776  8
8700.00   0.6776  8
8750.00   0.7492 10
8800.00   0.6448  7
8850.00   0.7134  9
8900.00   0.7134  9
8950.00   0.7492 10
9000.00   0.5514  4
9050.00   0.6121  6
9100.00   0.7492 10
9150.00   0.6776  8
9200.00   0.6776  8
9250.00   0.5813  5
9300.00   0.6776  8
9350.00   0.6448  7
9400.00   0.6121  6
9450.00   0.6776  8
9500.00   0.5514  4
9550.00   0.6121  6
9600.00   0.6776  8
9650.00   0.6448  7
9700.00   0.6448  7
9750.00   0.7134  9
9800.00   0.5236  3
9850.00   0.8267 12
9900.00   0.5813  5
9950.00   0.6448  7
10000.00   0.6121  6
10050.00   0.5813  5
10100.00   0.6776  8
10150.00   0.5813  5
10200.00   0.7134  9
10250.00   0.7134  9
10300.00   0.6448  7
10350.00   0.6776  8
10400.00   0.6448  7
10450.00   0.7869 11
10500.00   0.7492 10
10550.00   0.5813  5
10600.00   0.6121  6
10650.00   0.6448  7
10700.00   0.7134  9
10750.00   0.6776  8
10800.00   0.6776  8
10850.00   0.6776  8
10900.00   0.6776  8
10950.01   0.7134  9
11000.00   0.6448  7
11050.00   0.6121  6
11100.00   0.6776  8
11150.00   0.6776  8
11200.00   0.6121  6
11250.01   0.6448  7
11300.00   0.6448  7
11350.00   0.6448  7
11400.00   0.5813  5
11450.00   0.6776  8
11500.00   0.6448  7
11550.00   0.6448  7
11600.00   0.6776  8
11650.00   0.6448  7
11700.00   0.6776  8
11750.00   0.6776  8
11800.00   0.6121  6
11850.00   0.5813  5
11900.00   0.7134  9
11950.00   0.7869 11
12000.00   0.6776  8
12050.00   0.6121  6
12100.00   0.7134  9
12150.00   0.6776  8
12200.00   0.6121  6
12250.00   0.6776  8
12300.00   0.8267 12
12350.00   0.6776  8
12400.00   0.7134  9
12450.00   0.7134  9
12500.00   0.6448  7
12550.00   0.6776  8
12600.00   0.6121  6
12650.00   0.6448  7
12700.00   0.6776  8
12750.00   0.6448  7
12800.00   0.5813  5
12850.00   0.5514  4
12900.00   0.6448  7
12950.00   0.6121  6
13000.00   0.6121  6
13050.00   0.6448  7
13100.00   0.4700  1
13150.00   0.5236  3
13200.00   0.4700  1
13250.00   0.5514  4
13300.00   0.4968  2
13350.00   0.4968  2
13400.00   0.5514  4
13450.00   0.4968  2
13500.00   0.4968  2
13550.00   0.4700  1
13600.00   0.4968  2
13650.00   0.5514  4
13700.01   0.6448  7
13750.00   0.6448  7
13800.00   0.6776  8
13850.00   0.4968  2
13900.00   0.6448  7
13950.00   0.6776  8
14000.00   0.5514  4
14050.00   0.5813  5
14100.01   0.6448  7
14150.00   0.4968  2
14200.00   0.4700  1
14250.00   0.5236  3
14300.01   0.5514  4
14350.00   0.5813  5
14400.00   0.5813  5
14450.00   0.5236  3
14500.00   0.5514  4
14550.00   0.4968  2
14600.00   0.6121  6
14650.00   0.4968  2
14700.00   0.4700  1
14750.00   0.4700  1
14800.00   0.5236  3
14850.00   0.5514  4
14900.00   0.4700  1
14950.00   0.6776  8
15000.00   0.6448  7
15050.00   0.5514  4
15100.00   0.4700  1
15150.00   0.6121  6
15200.00   0.4700  1
15250.00   0.5514  4
15300.00   0.5813  5
15350.00   0.4968  2
15400.01   0.6448  7
15450.00   0.6776  8
15500.00   0.5236  3
15550.00   0.5236  3
15600.00   0.4700  1
15650.00   0.6121  6
15700.00   0.5236  3
15750.00   0.5514  4
15800.00   0.5813  5
15850.00   0.5813  5
15900.00   0.4968  2
15950.00   0.4700  1
16000.00   0.5236  3
16050.00   0.5813  5
16100.01   0.6448  7
16150.00   0.6776  8
16200.00   0.6776  8
16250.00   0.5236  3
16300.00   0.6448  7
16350.00   0.6121  6
16400.00   0.5813  5
16450.00   0.6776  8
16500.00   0.6448  7
16550.00   0.5813  5
16600.00   0.6776  8
16650.00   0.5514  4
16700.00   0.6448  7
16750.00   0.5514  4
16800.00   0.5514  4
16850.00   0.5813  5
16900.00   0.5813  5
16950.00   0.6121  6
17000.00   0.6448  7
17050.00   0.5514  4
17100.00   0.6448  7
17150.00   0.6121  6
17200.00   0.6448  7
17250.00   0.6776  8
17300.00   0.6448  7
17350.00   0.7134  9
17400.00   0.6448  7
17450.00   0.7869 11
17500.00   0.8267 12
17550.00   0.7492 10
17600.00   0.7869 11
17650.00   0.7869 11
17700.00   0.7869 11
17750.00   0.7134  9
17800.00   0.6776  8
17850.00   0.5514  4
17900.00   0.5813  5
17950.00   0.4968  2
18000.00   0.5813  5
18050.01   0.6448  7
18100.00   0.6776  8
18150.00   0.5236  3
18200.00   0.6776  8
18250.00   0.6448  7
18300.00   0.6121  6
18350.00   0.6776  8
18400.00   0.4700  1
18450.00   0.5514  4
18500.00   0.7134  9
18550.00   0.6776  8
18600.00   0.6776  8
18650.00   0.7492 10
18700.00   0.6448  7
18750.00   0.6121  6
18800.00   0.6448  7
18850.00   0.6776  8
18900.00   0.6448  7
18950.00   0.6121  6
19000.00   0.7134  9
19050.00   0.6776  8
19100.00   0.6448  7
19150.00   0.6121  6
19200.00   0.6776  8
19250.00   0.5813  5
19300.00   0.6448  7
19350.00   0.7134  9
19400.00   0.6448  7
19450.00   0.7134  9
19500.00   0.7492 10
19550.00   0.5514  4
19600.00   0.7134  9
19650.00   0.7134  9
19700.00   0.6121  6
19750.00   0.6776  8
19800.00   0.7492 10
19850.00   0.7869 11
19900.00   0.7492 10
19950.00   0.5236  3
20000.00   0.6776  8
20050.00   0.6121  6
20100.00   0.6776  8
20150.00   0.5236  3
20200.00   0.6776  8
20250.00   0.6448  7
20300.01   0.6448  7
20350.00   0.5236  3
20400.00   0.5514  4
20450.00   0.6448  7
20500.00   0.6121  6
20550.00   0.7134  9
20600.00   0.6448  7
20650.00   0.6448  7
20700.00   0.5813  5
20750.00   0.6448  7
20800.00   0.6776  8
20850.00   0.6776  8
20900.00   0.6448  7
20950.00   0.4700  1
21000.00   0.6121  6
21050.00   0.4968  2
21100.00   0.6448  7
21150.00   0.6448  7
21200.00   0.6776  8
21250.00   0.5514  4
21300.00   0.4700  1
21350.00   0.4700  1
21400.00   0.6776  8
21450.00   0.5813  5
21500.00   0.6776  8
21550.00   0.5813  5
21600.00   0.6776  8
21650.00   0.6776  8
21700.00   0.5514  4
21750.00   0.5236  3
21800.00   0.6776  8
21850.00   0.4968  2
21900.00   0.5514  4
21950.00   0.6776  8
22000.00   0.6448  7
22050.00   0.6776  8
22100.00   0.6121  6
22150.00   0.6448  7
22200.00   0.4700  1
22250.00   0.4968  2
22300.00   0.5236  3
22350.00   0.5236  3
22400.00   0.4700  1
22450.00   0.5236  3
22500.00   0.5236  3
22550.00   0.5813  5
22600.00   0.6776  8
22650.00   0.5236  3
22700.00   0.4968  2
22750.00   0.5514  4
22800.00   0.5514  4
22850.00   0.4968  2
22900.00   0.6776  8
22950.00   0.4700  1
23000.00   0.4700  1
23050.00   0.4968  2
23100.00   0.6121  6
23150.00   0.5813  5
23200.00   0.6776  8
23250.00   0.6121  6
23300.00   0.5813  5
23350.00   0.7134  9
23400.00   0.6121  6
23450.00   0.5813  5
23500.00   0.4700  1
23550.00   0.5236  3
23600.00   0.4700  1
23650.00   0.4700  1
23700.00   0.5236  3
23750.00   0.4968  2
23800.00   0.5514  4
23850.00   0.5236  3
23900.00   0.6448  7
23950.00   0.4700  1
24000.01   0.4700  1
24050.00   0.4968  2
24100.00   0.5813  5
24150.00   0.5813  5
24200.00   0.5514  4
24250.00   0.6776  8
24300.00   0.5813  5
24350.00   0.6121  6
24400.00   0.4968  2
24450.00   0.6121  6
24500.00   0.4968  2
24550.00   0.6776  8
24600.00   0.5813  5
24650.00   0.6121  6
24700.00   0.6121  6
24750.00   0.5514  4
24800.00   0.6121  6
24850.00   0.4968  2
24900.00   0.5514  4
24950.00   0.4700  1
25000.00   0.6121  6
25050.00   0.5813  5
25100.00   0.5514  4
25150.00   0.5514  4
25200.00   0.6776  8
25250.00   0.6448  7
25300.00   0.6776  8
25350.00   0.6121  6
25400.00   0.6776  8
25450.00   0.5236  3
25500.00   0.5813  5
25550.00   0.6776  8
25600.00   0.6448  7
25650.00   0.4968  2
25700.00   0.6448  7
25750.00   0.6448  7
25800.00   0.4700  1
25850.00   0.4968  2
25900.00   0.5514  4
25950.00   0.4968  2
26000.00   0.5236  3
26050.00   0.5514  4
26100.00   0.5813  5
26150.00   0.5236  3
26200.00   0.6121  6
26250.00   0.6776  8
26300.00   0.5813  5
26350.00   0.5236  3
26400.00   0.5514  4
26450.00   0.5813  5
26500.00   0.6121  6
26550.00   0.5813  5
26600.00   0.4968  2
26650.00   0.5236  3
26700.00   0.4700  1
26750.00   0.5514  4
26800.00   0.4700  1
26850.00   0.4700  1
26900.00   0.5236  3
26950.00   0.4700  1
27000.00   0.4700  1
27050.00   0.5514  4
27100.00   0.6121  6
27150.00   0.4700  1
27200.00   0.5514  4
27250.00   0.5236  3
27300.00   0.4700  1
27350.00   0.5236  3
27400.00   0.4968  2
27450.00   0.4700  1
27500.00   0.6448  7
27550.00   0.4968  2
27600.00   0.5236  3
27650.00   0.4700  1
27700.00   0.4700  1
27750.00   0.4700  1
27800.00   0.5514  4
27850.00   0.4700  1
27900.00   0.4700  1
27950.01   0.4968  2
28000.00   0.4968  2
28050.00   0.5514  4
28100.00   0.5236  3
28150.00   0.6121  6
28200.00   0.4968  2
28250.00   0.4968  2
28300.00   0.5813  5
28350.00   0.6448  7
28400.00   0.5236  3
28450.00   0.4700  1
28500.00   0.4700  1
28550.00   0.5514  4
28600.00   0.4700  1
28650.00   0.5514  4
28700.00   0.5514  4
28750.00   0.4700  1
28800.00   0.5236  3
28850.00   0.4968  2
28900.00   0.4968  2
28950.00   0.5813  5
29000.00   0.6121  6
29050.00   0.5514  4
29100.00   0.4700  1
29150.00   0.5236  3
29200.00   0.5514  4
29250.00   0.6121  6
29300.00   0.4700  1
29350.00   0.4968  2
29400.00   0.4700  1
29450.00   0.6448  7
29500.00   0.6121  6
29550.00   0.5813  5
29600.00   0.4968  2
29650.00   0.5514  4
29700.00   0.5236  3
29750.00   0.5514  4
29800.00   0.5514  4
29850.00   0.5514  4
29900.00   0.4700  1
29950.00   0.4700  1
30000.00   0.4700  1
30050.00   0.4700  1
30100.00   0.4968  2
30150.00   0.4700  1
30200.00   0.4968  2
30250.00   0.5236  3
30300.00   0.5813  5
30350.00   0.5514  4
30400.00   0.4700  1
30450.00   0.5514  4
30500.00   0.4968  2
30550.00   0.5514  4
30600.00   0.4700  1
30650.00   0.5813  5
30700.00   0.4700  1
30750.00   0.5236  3
30800.00   0.5813  5
30850.00   0.4700  1
30900.00   0.5514  4
30950.00   0.5236  3
31000.00   0.5514  4
31050.00   0.5514  4
31100.00   0.6448  7
31150.00   0.7134  9
31200.00   0.6776  8
31250.00   0.5813  5
31300.00   0.4700  1
31350.00   0.4700  1
31400.00   0.4700  1
31450.00   0.4968  2
31500.00   0.6121  6
31550.00   0.5813  5
31600.00   0.4700  1
31650.00   0.6121  6
31700.00   0.5514  4
31750.00   0.4700  1
31800.00   0.5813  5
31850.00   0.5813  5
31900.00   0.4968  2
31950.01   0.5236  3
32000.00   0.5514  4
32050.00   0.4700  1
32100.00   0.5514  4
32150.00   0.5236  3
32200.00   0.5236  3
32250.00   0.6121  6
32300.00   0.6776  8
32350.00   0.4700  1
32400.00   0.6121  6
32450.00   0.5236  3
32500.00   0.6121  6
32550.00   0.5236  3
32600.00   0.4700  1
32650.00   0.6121  6
32700.00   0.6776  8
32750.00   0.6448  7
32800.00   0.5813  5
32850.00   0.6776  8
32900.00   0.5514  4
32950.00   0.6448  7
33000.00   0.4968  2
33050.00   0.6448  7
33100.00   0.6448  7
33150.00   0.6121  6
33200.00   0.4700  1
33250.00   0.6121  6
33300.00   0.4968  2
33350.00   0.4968  2
33400.00   0.6776  8
33450.00   0.6776  8
33500.00   0.6776  8
33550.00   0.5813  5
33600.00   0.5514  4
33650.00   0.5813  5
33700.00   0.4700  1
33750.00   0.5813  5
33800.00   0.4968  2
33850.00   0.6448  7
33900.00   0.6776  8
33950.00   0.6448  7
34000.00   0.5813  5
34050.00   0.5236  3
34100.00   0.4968  2
34150.00   0.6121  6
34200.00   0.5514  4
34250.00   0.6121  6
34300.00   0.6776  8
34350.00   0.4968  2
34400.00   0.4700  1
34450.00   0.5236  3
34500.00   0.6776  8
34550.00   0.6121  6
34600.00   0.4700  1
34650.00   0.5813  5
34700.00   0.6121  6
34750.00   0.5813  5
34800.00   0.5514  4
34850.00   0.5514  4
34900.00   0.6776  8
34950.00   0.4700  1
35000.00   0.5813  5
35050.00   0.4700  1
35100.00   0.4968  2
35150.00   0.4700  1
35200.00   0.6121  6
35250.00   0.6448  7
35300.00   0.6448  7
35350.00   0.5514  4
35400.00   0.5813  5
35450.00   0.6121  6
35500.00   0.5813  5
35550.00   0.6121  6
35600.00   0.4968  2
35650.00   0.5236  3
35700.00   0.6121  6
35750.00   0.5236  3
35800.00   0.5514  4
35850.00   0.5514  4
35900.00   0.4700  1
35950.00   0.5813  5
36000.00   0.4700  1
36050.00   0.5514  4
36100.00   0.5236  3
36150.00   0.6121  6
36200.00   0.4968  2
36250.01   0.5236  3
36300.00   0.4968  2
36350.00   0.6121  6
36400.00   0.6448  7
36450.00   0.5236  3
36500.00   0.5514  4
36550.00   0.5514  4
36600.00   0.6448  7
36650.00   0.4968  2
36700.00   0.4700  1
36750.00   0.6776  8
36800.00   0.4700  1
36850.00   0.6448  7
36900.00   0.4968  2
36950.00   0.5514  4
37000.00   0.6448  7
37050.00   0.5236  3
37100.00   0.5514  4
37150.00   0.6448  7
37200.00   0.6121  6
37250.00   0.4968  2
37300.00   0.4700  1
37350.00   0.6776  8
37400.00   0.4968  2
37450.00   0.4700  1
37500.00   0.4700  1
37550.00   0.6776  8
37600.00   0.6448  7
37650.00   0.4968  2
37700.00   0.5813  5
37750.00   0.6448  7
37800.00   0.5514  4
37850.00   0.4700  1
37900.00   0.5514  4
37950.00   0.4700  1
38000.00   0.5236  3
38050.00   0.5514  4
38100.00   0.5813  5
38150.00   0.5236  3
38200.00   0.5813  5
38250.00   0.5514  4
38300.00   0.4700  1
38350.00   0.4700  1
38400.00   0.6448  7
38450.00   0.4700  1
38500.00   0.5813  5
38550.00   0.5236  3
38600.00   0.6448  7
38650.00   0.4700  1
38700.01   0.5514  4
38750.00   0.4968  2
38800.00   0.4968  2
38850.00   0.4968  2
38900.00   0.4968  2
38950.00   0.5236  3
39000.00   0.6121  6
39050.00   0.4968  2
39100.00   0.6121  6
39150.00   0.6448  7
39200.00   0.5236  3
39250.00   0.5236  3
39300.00   0.4968  2
39350.00   0.5813  5
39400.00   0.6776  8
39450.00   0.5813  5
39500.00   0.5514  4
39550.00   0.5813  5
39600.00   0.5514  4
39650.00   0.5813  5
39700.00   0.5514  4
39750.00   0.4968  2
39800.00   0.4700  1
39850.00   0.6121  6
39900.00   0.5813  5
39950.00   0.6776  8
40000.00   0.6448  7
40050.00   0.5236  3
40100.00   0.4968  2
40150.00   0.5236  3
40200.00   0.5514  4
40250.00   0.5514  4
40300.00   0.6121  6
40350.00   0.6121  6
40400.00   0.5236  3
40450.00   0.6448  7
40500.00   0.5514  4
40550.00   0.4968  2
40600.00   0.6448  7
40650.00   0.6121  6
40700.00   0.5236  3
40750.00   0.5236  3
40800.00   0.5514  4
40850.00   0.4700  1
40900.00   0.6121  6
40950.00   0.5514  4
41000.00   0.5514  4
41050.00   0.6121  6
41100.00   0.5236  3
41150.00   0.4700  1
41200.00   0.4968  2
41250.00   0.6776  8
41300.00   0.6448  7
41350.00   0.4968  2
41400.00   0.6448  7
41450.00   0.6448  7
41500.00   0.5514  4
41550.00   0.6448  7
41600.00   0.6121  6
41650.00   0.6121  6
41700.00   0.6121  6
41750.00   0.4968  2
41800.01   0.5514  4
41850.00   0.6448  7
41900.00   0.5236  3
41950.00   0.4968  2
42000.00   0.5813  5
42050.00   0.5813  5
42100.00   0.4700  1
42150.00   0.5236  3
42200.00   0.5813  5
42250.00   0.4968  2
42300.00   0.7134  9
42350.00   0.6121  6
42400.00   0.5236  3
42450.00   0.5813  5
42500.00   0.5236  3
42550.00   0.6776  8
42600.00   0.6776  8
42650.00   0.6776  8
42700.00   0.5236  3
42750.00   0.5236  3
42800.00   0.5236  3
42850.00   0.5514  4
42900.00   0.6448  7
42950.00   0.4968  2
43000.00   0.5813  5
43050.00   0.4700  1
43100.00   0.4700  1
43150.00   0.6121  6
43200.00   0.5236  3
43250.00   0.4700  1
43300.00   0.6121  6
43350.00   0.4968  2
43400.00   0.5813  5
43450.00   0.5813  5
43500.00   0.5813  5
43550.00   0.4968  2
43600.00   0.5813  5
43650.01   0.4700  1
43700.00   0.4968  2
43750.00   0.4968  2
43800.00   0.4700  1
43850.00   0.5236  3
43900.00   0.4968  2
43950.00   0.4700  1
44000.00   0.6121  6
44050.00   0.5813  5
44100.00   0.4968  2
44150.00   0.6448  7
44200.01   0.5813  5
44250.00   0.4700  1
44300.00   0.4968  2
44350.00   0.5813  5
44400.00   0.4968  2
44450.00   0.5514  4
44500.00   0.4968  2
44550.00   0.6448  7
44600.00   0.5514  4
44650.00   0.6121  6
44700.00   0.6121  6
44750.00   0.4968  2
44800.00   0.7134  9
44850.00   0.6121  6
44900.01   0.5236  3
44950.00   0.6121  6
45000.00   0.4968  2
45050.00   0.4968  2
45100.00   0.6776  8
45150.00   0.4968  2
45200.00   0.4700  1
45250.00   0.4700  1
45300.00   0.5236  3
45350.00   0.4700  1
45400.00   0.4968  2
45450.00   0.6448  7
45500.00   0.6448  7
45550.00   0.6448  7
45600.00   0.6448  7
45650.00   0.4700  1
45700.00   0.5236  3
45750.00   0.4700  1
45800.00   0.5514  4
45850.00   0.5514  4
45900.00   0.6121  6
45950.00   0.6121  6
46000.00   0.6448  7
46050.00   0.6121  6
46100.00   0.6121  6
46150.00   0.6121  6
46200.00   0.4700  1
46250.00   0.4968  2
46300.00   0.7134  9
46350.00   0.4968  2
46400.00   0.5813  5
46450.00   0.6448  7
46500.00   0.7492 10
46550.00   0.6448  7
46600.00   0.4700  1
46650.00   0.4700  1
46700.00   0.4968  2
46750.00   0.5514  4
46800.00   0.4968  2
46850.00   0.5236  3
46900.00   0.5813  5
46950.00   0.4700  1
47000.00   0.5813  5
47050.00   0.5236  3
47100.00   0.7134  9
47150.00   0.4700  1
47200.00   0.4968  2
47250.00   0.5236  3
47300.00   0.4968  2
47350.00   0.6448  7
47400.00   0.5514  4
47450.00   0.4700  1
47500.00   0.5813  5
47550.00   0.5514  4
47600.00   0.5514  4
47650.00   0.4968  2
47700.00   0.5813  5
47750.00   0.4700  1
47800.00   0.5236  3
47850.00   0.6121  6
47900.00   0.5236  3
47950.00   0.5514  4
48000.00   0.4700  1
48050.00   0.5813  5
48100.00   0.5514  4
48150.01   0.6121  6
48200.00   0.6448  7
48250.00   0.5514  4
48300.00   0.5514  4
48350.00   0.5236  3
48400.00   0.6121  6
48450.00   0.5514  4
48500.00   0.5813  5
48550.00   0.5236  3
48600.00   0.5514  4
48650.00   0.5514  4
48700.00   0.5236  3
48750.00   0.5813  5
48800.00   0.4968  2
48850.00   0.5236  3
48900.00   0.4700  1
48950.00   0.7134  9
49000.00   0.4700  1
49050.00   0.4700  1
49100.00   0.5813  5
49150.00   0.7134  9
49200.00   0.6121  6
49250.00   0.6776  8
49300.00   0.5813  5
49350.00   0.6448  7
49400.00   0.5514  4
49450.00   0.5514  4
49500.00   0.5514  4
49550.00   0.4700  1
49600.00   0.5236  3
49650.00   0.6121  6
49700.00   0.6121  6
49750.00   0.4700  1
49800.00   0.6448  7
49850.00   0.6448  7
49900.00   0.4700  1
49950.00   0.5514  4
50000.00   0.5813  5
50050.00   0.6448  7
50100.00   0.5236  3
50150.00   0.5813  5
50200.00   0.6121  6
50250.00   0.5813  5
50300.00   0.4700  1
50350.00   0.4968  2
50400.00   0.6121  6
50450.00   0.4968  2
50500.00   0.6448  7
50550.00   0.4968  2
50600.01   0.5514  4
50650.00   0.5813  5
50700.00   0.5813  5
50750.00   0.4968  2
50800.00   0.4968  2
50850.00   0.4968  2
50900.00   0.5813  5
50950.00   0.5514  4
51000.00   0.4968  2
51050.00   0.5813  5
51100.00   0.6121  6
51150.00   0.5236  3
51200.00   0.5813  5
51250.00   0.4968  2
51300.00   0.7134  9
51350.00   0.5236  3
51400.00   0.6121  6
51450.00   0.5514  4
51500.00   0.4700  1
51550.00   0.4700  1
51600.00   0.6448  7
51650.00   0.6448  7
51700.00   0.4700  1
51750.00   0.5514  4
51800.00   0.4700  1
51850.00   0.5813  5
51900.00   0.6121  6
51950.00   0.6776  8
52000.00   0.4968  2
52050.00   0.4700  1
52100.00   0.6776  8
52150.00   0.5813  5
52200.00   0.4968  2
52250.00   0.5236  3
52300.00   0.4700  1
52350.00   0.4968  2
52400.00   0.5514  4
52450.00   0.6448  7
52500.00   0.5813  5
52550.00   0.5236  3
52600.00   0.5236  3
52650.00   0.5813  5
52700.00   0.5514  4
52750.00   0.6776  8
52800.00   0.6776  8
52850.00   0.6776  8
52900.00   0.6121  6
52950.00   0.5813  5
53000.00   0.5236  3
53050.00   0.6448  7
53100.00   0.5813  5
53150.00   0.5236  3
53200.00   0.4968  2
53250.00   0.5813  5
53300.00   0.5514  4
53350.00   0.6776  8
53400.00   0.6448  7
53450.00   0.7134  9
53500.00   0.5236  3
53550.00   0.5813  5
53600.00   0.5813  5
53650.00   0.5236  3
53700.00   0.7134  9
53750.00   0.6448  7
53800.00   0.6448  7
53850.00   0.5236  3
53900.00   0.6121  6
53950.00   0.4968  2
54000.00   0.6448  7
54050.00   0.4700  1
54100.00   0.4700  1
54150.01   0.4968  2
54200.00   0.5514  4
54250.00   0.5514  4
54300.00   0.5514  4
54350.00   0.5236  3
54400.00   0.6776  8
54450.00   0.4700  1
54500.00   0.5514  4
54550.00   0.5514  4
54600.00   0.5813  5
54650.00   0.6121  6
54700.00   0.5514  4
54750.00   0.5514  4
54800.00   0.6121  6
54850.00   0.5236  3
54900.00   0.4968  2
54950.00   0.5813  5
55000.00   0.5236  3
55050.00   0.5813  5
55100.00   0.6448  7
55150.00   0.5236  3
55200.00   0.5514  4
55250.00   0.4968  2
55300.00   0.5236  3
55350.00   0.4700  1
55400.00   0.4968  2
55450.00   0.4700  1
55500.00   0.5236  3
55550.00   0.5236  3
55600.00   0.6121  6
55650.00   0.5514  4
55700.00   0.5236  3
55750.00   0.4968  2
55800.00   0.4968  2
55850.00   0.4700  1
55900.00   0.4968  2
55950.00   0.5514  4
56000.00   0.5236  3
56050.00   0.4968  2
56100.00   0.5236  3
56150.00   0.5236  3
56200.00   0.5236  3
56250.00   0.5236  3
56300.00   0.4968  2
56350.00   0.4700  1
56400.00   0.4700  1
56450.00   0.6121  6
56500.00   0.5514  4
56550.00   0.5514  4
56600.00   0.5236  3
56650.00   0.4700  1
56700.00   0.4700  1
56750.00   0.6121  6
56800.00   0.4968  2
56850.00   0.6121  6
56900.00   0.5236  3
56950.00   0.5514  4
57000.00   0.4968  2
57050.00   0.4968  2
57100.00   0.6121  6
57150.00   0.6121  6
57200.00   0.5813  5
57250.00   0.4968  2
57300.00   0.6448  7
57350.00   0.6121  6
57400.00   0.6448  7
57450.00   0.4700  1
57500.00   0.6448  7
57550.00   0.4968  2
57600.00   0.5813  5
57650.00   0.5813  5
57700.00   0.6121  6
57750.00   0.5514  4
57800.00   0.5236  3
57850.00   0.6121  6
57900.00   0.5813  5
57950.00   0.4700  1
58000.00   0.4700  1
58050.00   0.5236  3
58100.00   0.4700  1
58150.00   0.4700  1
58200.00   0.5813  5
58250.00   0.6121  6
58300.00   0.5813  5
58350.00   0.4968  2
58400.00   0.4968  2
58450.00   0.5236  3
58500.00   0.4968  2
58550.00   0.4700  1
58600.00   0.5236  3
58650.00   0.5514  4
58700.00   0.5236  3
58750.00   0.4968  2
58800.00   0.5813  5
58850.01   0.4968  2
58900.00   0.5514  4
58950.00   0.6121  6
59000.00   0.5813  5
59050.00   0.5813  5
59100.00   0.5236  3
59150.00   0.5813  5
59200.00   0.6448  7
59250.00   0.5236  3
59300.00   0.4700  1
59350.00   0.6448  7
59400.00   0.4700  1
59450.00   0.4968  2
59500.00   0.6121  6
59550.00   0.5514  4
59600.00   0.4700  1
59650.00   0.5514  4
59700.00   0.4700  1
59750.00   0.4968  2
59800.00   0.5813  5
59850.00   0.5813  5
59900.00   0.5514  4
59950.00   0.4700  1
60000.01   0.5236  3
60050.00   0.5813  5
60100.00   0.5514  4
60150.00   0.5514  4
60200.00   0.6448  7
60250.00   0.4968  2
60300.00   0.4700  1
60350.01   0.4968  2
60400.00   0.5813  5
60450.00   0.5514  4
60500.00   0.5236  3
60550.00   0.5813  5
60600.00   0.4968  2
60650.00   0.5236  3
60700.00   0.5514  4
60750.00   0.5236  3
60800.00   0.6121  6
60850.00   0.5514  4
60900.00   0.5813  5
60950.00   0.5514  4
61000.00   0.6121  6
61050.00   0.6448  7
61100.00   0.6121  6
61150.00   0.5514  4
61200.00   0.6776  8
61250.00   0.4968  2
61300.00   0.5813  5
61350.01   0.6448  7
61400.00   0.6448  7
61450.00   0.6121  6
61500.00   0.5514  4
61550.00   0.6121  6
61600.00   0.6448  7
61650.00   0.5813  5
61700.00   0.4700  1
61750.01   0.5514  4
61800.00   0.4968  2
61850.00   0.6121  6
61900.00   0.4700  1
61950.01   0.4700  1
62000.00   0.5236  3
62050.00   0.5813  5
62100.00   0.5813  5
62150.00   0.5236  3
62200.00   0.5514  4
62250.00   0.6121  6
62300.00   0.6448  7
62350.00   0.6448  7
62400.00   0.5236  3
62450.00   0.4968  2
62500.00   0.6448  7
62550.00   0.5813  5
62600.00   0.6448  7
62650.00   0.5236  3
62700.00   0.4968  2
62750.00   0.4968  2
62800.00   0.5236  3
62850.00   0.5236  3
62900.00   0.4700  1
62950.00   0.4700  1
63000.00   0.5813  5
63050.00   0.5813  5
63100.00   0.5514  4
63150.00   0.4968  2
63200.00   0.6448  7
63250.00   0.4700  1
63300.00   0.4968  2
63350.00   0.6448  7
63400.00   0.5236  3
63450.00   0.4700  1
63500.00   0.4968  2
63550.00   0.5236  3
63600.00   0.5813  5
63650.00   0.4700  1
63700.00   0.5514  4
63750.00   0.5813  5
63800.00   0.5813  5
63850.00   0.4700  1
63900.00   0.6448  7
63950.00   0.4968  2
64000.00   0.5813  5
64050.00   0.4700  1
64100.00   0.4968  2
64150.00   0.5236  3
64200.00   0.6448  7
64250.00   0.4700  1
64300.00   0.5514  4
64350.00   0.5813  5
64400.00   0.5514  4
64450.00   0.6448  7
64500.00   0.6776  8
64550.00   0.6121  6
64600.00   0.5813  5
64650.00   0.4968  2
64700.00   0.4700  1
64750.00   0.6121  6
64800.00   0.6448  7
64850.00   0.5813  5
64900.00   0.5813  5
64950.00   0.4968  2
65000.00   0.5514  4
65050.00   0.6121  6
65100.00   0.5514  4
65150.00   0.5813  5
65200.00   0.5813  5
65250.00   0.6776  8
65300.00   0.5236  3
65350.00   0.5514  4
65400.00   0.5514  4
65450.00   0.4968  2
65500.00   0.6448  7
65550.00   0.4700  1
65600.00   0.6121  6
65650.00   0.4968  2
65700.00   0.6121  6
65750.00   0.5514  4
65800.00   0.5514  4
65850.00   0.6121  6
65900.00   0.5514  4
65950.00   0.5514  4
66000.00   0.4700  1
66050.00   0.5514  4
66100.00   0.5514  4
66150.00   0.5236  3
66200.00   0.4700  1
66250.00   0.4700  1
66300.01   0.4968  2
66350.00   0.5236  3
66400.00   0.5514  4
66450.00   0.4700  1
66500.00   0.6448  7
66550.00   0.5514  4
66600.00   0.4700  1
66650.00   0.5236  3
66700.00   0.5236  3
66750.00   0.4700  1
66800.00   0.6121  6
66850.00   0.5236  3
66900.00   0.5236  3
66950.00   0.4968  2
67000.00   0.4700  1
67050.00   0.6121  6
67100.00   0.4968  2
67150.00   0.6448  7
67200.00   0.4700  1
67250.00   0.6121  6
67300.00   0.6121  6
67350.00   0.5236  3
67400.00   0.4700  1
67450.00   0.4968  2
67500.00   0.5813  5
67550.00   0.5514  4
67600.00   0.4968  2
67650.00   0.5514  4
67700.00   0.6448  7
67750.00   0.6121  6
67800.00   0.4968  2
67850.00   0.6448  7
67900.00   0.4968  2
67950.00   0.5813  5
68000.00   0.4700  1
68050.00   0.4700  1
68100.00   0.5236  3
68150.00   0.5813  5
68200.00   0.6448  7
68250.01   0.6121  6
68300.00   0.5236  3
68350.00   0.5236  3
68400.00   0.5236  3
68450.00   0.4968  2
68500.00   0.4700  1
68550.00   0.5236  3
68600.00   0.5813  5
68650.00   0.6121  6
68700.00   0.5236  3
68750.00   0.5236  3
68800.00   0.6448  7
68850.00   0.4700  1
68900.00   0.4700  1
68950.00   0.5236  3
69000.00   0.4700  1
69050.00   0.5514  4
69100.00   0.5236  3
69150.00   0.6121  6
69200.00   0.5236  3
69250.00   0.4700  1
69300.00   0.4700  1
69350.00   0.5236  3
69400.00   0.5813  5
69450.00   0.4700  1
69500.00   0.5236  3
69550.00   0.4700  1
69600.00   0.4968  2
69650.00   0.6121  6
69700.00   0.4700  1
69750.00   0.5514  4
69800.01   0.4700  1
69850.00   0.4700  1
69900.00   0.4968  2
69950.00   0.5813  5
70000.00   0.6121  6
70050.00   0.5236  3
70100.00   0.4968  2
70150.00   0.5813  5
70200.00   0.5236  3
70250.00   0.4700  1
70300.00   0.5813  5
70350.00   0.6448  7
70400.00   0.5813  5
70450.00   0.4968  2
70500.00   0.4700  1
70550.00   0.5813  5
70600.00   0.5236  3
70650.00   0.4968  2
70700.00   0.5236  3
70750.00   0.5236  3
70800.00   0.4968  2
70850.00   0.5236  3
70900.00   0.5236  3
70950.00   0.6121  6
71000.00   0.4968  2
71050.00   0.4700  1
71100.00   0.5813  5
71150.00   0.5813  5
71200.00   0.5236  3
71250.00   0.6121  6
71300.00   0.5514  4
71350.00   0.5813  5
71400.00   0.6776  8
71450.00   0.5236  3
71500.00   0.4700  1
71550.00   0.4968  2
71600.00   0.5813  5
71650.00   0.5236  3
71700.00   0.5514  4
71750.00   0.6121  6
71800.00   0.4968  2
71850.00   0.4968  2
71900.00   0.5813  5
71950.01   0.4968  2
72000.01   0.5236  3
72050.00   0.4968  2
72100.00   0.4700  1
72150.00   0.5514  4
72200.00   0.5236  3
72250.00   0.5236  3
72300.00   0.5514  4
72350.00   0.5236  3
72400.00   0.4700  1
72450.00   0.5236  3
72500.00   0.4700  1
72550.00   0.5236  3
72600.00   0.5813  5
72650.00   0.5813  5
72700.00   0.6121  6
72750.00   0.4968  2
72800.01   0.4700  1
72850.00   0.5236  3
72900.00   0.5514  4
72950.00   0.4700  1
73000.00   0.4968  2
73050.00   0.4968  2
73100.00   0.4700  1
73150.00   0.4968  2
73200.00   0.4700  1
73250.00   0.5514  4
73300.00   0.4968  2
73350.00   0.6121  6
73400.00   0.5813  5
73450.00   0.5813  5
73500.00   0.4968  2
73550.00   0.5514  4
73600.00   0.5236  3
73650.00   0.5236  3
73700.01   0.4700  1
73750.00   0.5236  3
73800.00   0.6448  7
73850.00   0.4968  2
73900.00   0.4968  2
73950.00   0.5514  4
74000.00   0.5813  5
74050.00   0.4968  2
74100.00   0.4700  1
74150.00   0.4700  1
74200.00   0.4968  2
74250.00   0.5236  3
74300.00   0.5514  4
74350.00   0.5813  5
74400.01   0.4700  1
74450.00   0.5236  3
74500.00   0.4968  2
74550.00   0.5236  3
74600.00   0.5813  5
74650.00   0.4968  2
74700.00   0.4700  1
74750.00   0.5813  5
74800.00   0.5813  5
74850.00   0.6121  6
74900.00   0.5236  3
74950.00   0.5514  4
75000.00   0.4968  2
75050.00   0.4968  2
75100.00   0.4700  1
75150.00   0.4968  2
75200.00   0.4968  2
75250.00   0.4700  1
75300.00   0.5236  3
75350.00   0.5514  4
75400.00   0.4968  2
75450.00   0.5514  4
75500.00   0.5236  3
75550.00   0.4700  1
75600.00   0.5514  4
75650.00   0.5236  3
75700.00   0.5514  4
75750.00   0.5514  4
75800.00   0.5813  5
75850.00   0.5813  5
75900.00   0.5514  4
75950.00   0.5514  4
76000.00   0.5813  5
76050.00   0.5236  3
76100.00   0.6448  7
76150.00   0.5813  5
76200.01   0.4700  1
76250.00   0.6121  6
76300.00   0.5813  5
76350.00   0.5514  4
76400.00   0.5514  4
76450.00   0.4700  1
76500.00   0.4700  1
76550.00   0.6448  7
76600.00   0.4968  2
76650.00   0.5514  4
76700.00   0.5813  5
76750.00   0.4968  2
76800.00   0.5236  3
76850.00   0.4968  2
76900.00   0.6121  6
76950.00   0.5236  3
77000.00   0.6448  7
77050.00   0.5236  3
77100.00   0.5514  4
77150.00   0.5514  4
77200.00   0.5236  3
77250.00   0.6448  7
77300.00   0.4700  1
77350.00   0.6121  6
77400.00   0.4968  2
77450.00   0.5236  3
77500.00   0.6121  6
77550.00   0.5236  3
77600.00   0.6448  7
77650.00   0.6121  6
77700.00   0.4700  1
77750.00   0.5514  4
77800.00   0.5514  4
77850.00   0.5514  4
77900.00   0.5236  3
77950.00   0.5514  4
78000.00   0.4968  2
78050.00   0.5813  5
78100.00   0.4700  1
78150.00   0.4968  2
78200.00   0.4968  2
78250.00   0.6121  6
78300.00   0.5813  5
78350.00   0.5514  4
78400.00   0.5813  5
78450.00   0.4968  2
78500.00   0.5813  5
78550.00   0.6121  6
78600.00   0.6121  6
78650.00   0.6121  6
78700.00   0.5236  3
78750.00   0.5813  5
78800.00   0.5236  3
78850.00   0.5236  3
78900.00   0.4700  1
78950.00   0.5514  4
79000.00   0.6121  6
79050.00   0.4700  1
79100.00   0.5813  5
79150.00   0.6448  7
79200.00   0.6448  7
79250.00   0.6121  6
79300.00   0.5813  5
79350.00   0.5813  5
79400.00   0.5514  4
79450.00   0.6121  6
79500.00   0.4968  2
79550.00   0.5236  3
79600.00   0.6121  6
79650.00   0.4700  1
79700.00   0.4968  2
79750.00   0.5813  5
79800.00   0.5236  3
79850.00   0.4700  1
79900.00   0.5514  4
79950.00   0.4700  1
80000.00   0.5813  5
80050.00   0.5236  3
80100.00   0.5813  5
80150.00   0.4700  1
80200.00   0.5236  3
80250.00   0.5813  5
80300.00   0.4968  2
80350.00   0.5514  4
80400.00   0.4700  1
80450.00   0.5514  4
80500.00   0.6121  6
80550.00   0.5514  4
80600.00   0.6121  6
80650.00   0.4968  2
80700.00   0.4968  2
80750.00   0.5236  3
80800.00   0.5813  5
80850.00   0.5514  4
80900.00   0.5813  5
80950.00   0.4968  2
81000.00   0.5236  3
81050.00   0.6448  7
81100.00   0.6448  7
81150.00   0.6448  7
81200.00   0.5514  4
81250.00   0.4968  2
81300.00   0.4700  1
81350.00   0.4968  2
81400.00   0.4700  1
81450.00   0.5514  4
81500.00   0.4700  1
81550.00   0.5813  5
81600.00   0.5514  4
81650.00   0.4700  1
81700.00   0.5236  3
81750.00   0.4700  1
81800.00   0.5236  3
81850.00   0.5236  3
81900.00   0.5514  4
81950.00   0.6448  7
82000.00   0.6121  6
82050.00   0.6121  6
82100.00   0.5514  4
82150.00   0.5514  4
82200.00   0.6448  7
82250.00   0.5514  4
82300.00   0.5514  4
82350.00   0.5514  4
82400.00   0.6448  7
82450.00   0.6121  6
82500.00   0.5236  3
82550.00   0.5236  3
82600.00   0.4968  2
82650.01   0.4968  2
82700.00   0.5813  5
82750.00   0.4968  2
82800.00   0.4968  2
82850.00   0.6121  6
82900.00   0.5514  4
82950.00   0.4968  2
83000.00   0.5514  4
83050.00   0.5514  4
83100.00   0.5236  3
83150.00   0.5813  5
83200.00   0.6121  6
83250.00   0.6121  6
83300.00   0.4968  2
83350.00   0.4700  1
83400.00   0.5236  3
83450.00   0.5813  5
83500.00   0.4968  2
83550.00   0.5236  3
83600.00   0.5236  3
83650.00   0.4968  2
83700.00   0.5236  3
83750.00   0.4700  1
83800.00   0.5236  3
83850.00   0.5236  3
83900.00   0.5236  3
83950.00   0.5514  4
84000.00   0.6448  7
84050.00   0.5514  4
84100.00   0.6121  6
84150.00   0.5813  5
84200.00   0.5236  3
84250.00   0.5514  4
84300.00   0.5236  3
84350.00   0.4968  2
84400.00   0.5813  5
84450.00   0.5514  4
84500.00   0.5514  4
84550.00   0.6121  6
84600.00   0.5514  4
84650.01   0.6776  8
84700.00   0.5813  5
84750.00   0.5514  4
84800.00   0.5514  4
84850.00   0.5514  4
84900.00   0.5813  5
84950.00   0.5514  4
85000.00   0.4968  2
85050.00   0.6121  6
85100.00   0.5813  5
85150.00   0.6448  7
85200.00   0.6121  6
85250.00   0.6121  6
85300.00   0.6448  7
85350.00   0.6121  6
85400.00   0.5813  5
85450.00   0.6121  6
85500.00   0.6776  8
85550.00   0.7492 10
85600.00   0.4700  1
85650.00   0.6121  6
85700.00   0.5514  4
85750.00   0.5813  5
85800.00   0.5813  5
85850.00   0.5236  3
85900.00   0.6121  6
85950.00   0.6448  7
86000.00   0.6121  6
86050.00   0.5514  4
86100.00   0.6448  7
86150.00   0.6121  6
86200.00   0.6776  8
86250.00   0.5813  5
86300.00   0.5813  5
86350.00   0.5813  5
86400.00   0.5514  4
86450.00   0.5813  5
86500.00   0.4968  2
86550.00   0.5813  5
86600.00   0.6121  6
86650.00   0.5236  3
86700.00   0.4700  1
86750.00   0.6121  6
86800.00   0.4968  2
86850.00   0.5514  4
86900.00   0.4700  1
86950.00   0.6121  6
87000.00   0.5813  5
87050.00   0.4968  2
87100.00   0.6448  7
87150.00   0.5236  3
87200.00   0.4700  1
87250.01   0.6121  6
87300.00   0.6448  7
87350.00   0.5236  3
87400.00   0.5236  3
87450.00   0.5813  5
87500.00   0.4968  2
87550.00   0.5813  5
87600.00   0.4968  2
87650.00   0.6121  6
87700.00   0.5514  4
87750.01   0.4968  2
87800.00   0.5813  5
87850.00   0.6121  6
87900.00   0.5514  4
87950.00   0.5813  5
88000.00   0.6448  7
88050.00   0.5813  5
88100.00   0.6121  6
88150.00   0.5236  3
88200.00   0.6448  7
88250.00   0.6121  6
88300.00   0.6448  7
88350.00   0.4700  1
88400.00   0.5514  4
88450.00   0.4700  1
88500.00   0.5236  3
88550.00   0.6121  6
88600.00   0.6776  8
88650.00   0.6448  7
88700.00   0.4700  1
88750.00   0.5236  3
88800.00   0.5514  4
88850.00   0.5813  5
88900.00   0.4700  1
88950.00   0.6448  7
89000.00   0.4700  1
89050.00   0.5514  4
89100.00   0.5514  4
89150.00   0.4700  1
89200.00   0.5236  3
89250.00   0.5813  5
89300.00   0.5813  5
89350.00   0.6448  7
89400.00   0.6448  7
89450.00   0.6121  6
89500.00   0.5813  5
89550.00   0.5514  4
89600.00   0.5236  3
89650.00   0.4700  1
89700.00   0.4968  2
89750.00   0.5813  5
89800.00   0.5813  5
89850.00   0.4968  2
89900.00   0.5514  4
89950.01   0.5813  5
90000.00   0.6121  6
90050.00   0.5514  4
90100.00   0.6448  7
90150.00   0.5813  5
90200.00   0.5813  5
90250.00   0.6121  6
90300.00   0.6121  6
90350.00   0.6448  7
90400.00   0.5236  3
90450.00   0.5813  5
90500.00   0.5813  5
90550.00   0.4968  2
90600.00   0.5813  5
90650.00   0.5514  4
90700.00   0.5813  5
90750.00   0.6448  7
90800.00   0.5514  4
90850.00   0.6448  7
90900.00   0.6448  7
90950.00   0.5813  5
91000.00   0.6121  6
91050.00   0.5236  3
91100.00   0.6448  7
91150.00   0.6121  6
91200.00   0.5514  4
91250.00   0.6121  6
91300.00   0.6121  6
91350.01   0.6448  7
91400.00   0.5236  3
91450.00   0.5514  4
91500.00   0.4968  2
91550.00   0.6776  8
91600.00   0.5514  4
91650.00   0.6448  7
91700.00   0.6776  8
91750.00   0.6448  7
91800.00   0.4968  2
91850.00   0.6448  7
91900.00   0.6448  7
91950.00   0.5813  5
92000.00   0.5813  5
92050.00   0.5813  5
92100.00   0.5236  3
92150.00   0.4968  2
92200.00   0.4968  2
92250.00   0.6121  6
92300.00   0.6121  6
92350.00   0.5514  4
92400.00   0.5236  3
92450.00   0.5813  5
92500.00   0.5236  3
92550.00   0.4968  2
92600.00   0.5813  5
92650.00   0.4968  2
92700.00   0.6121  6
92750.00   0.5236  3
92800.00   0.4700  1
92850.00   0.5813  5
92900.00   0.4700  1
92950.00   0.4700  1
93000.01   0.4700  1
93050.00   0.5236  3
93100.00   0.6121  6
93150.00   0.5813  5
93200.00   0.4700  1
93250.00   0.4968  2
93300.00   0.4968  2
93350.00   0.5813  5
93400.00   0.5813  5
93450.00   0.5236  3
93500.00   0.4968  2
93550.00   0.5813  5
93600.00   0.5236  3
93650.00   0.5813  5
93700.00   0.5514  4
93750.00   0.4968  2
93800.00   0.4968  2
93850.00   0.5236  3
93900.00   0.4968  2
93950.00   0.5813  5
94000.00   0.5514  4
94050.00   0.4968  2
94100.01   0.6121  6
94150.00   0.4968  2
94200.00   0.5813  5
94250.00   0.4968  2
94300.00   0.5514  4
94350.00   0.5236  3
94400.00   0.6121  6
94450.00   0.5514  4
94500.00   0.5514  4
94550.00   0.6121  6
94600.00   0.4968  2
94650.00   0.5813  5
94700.00   0.5236  3
94750.00   0.4968  2
94800.00   0.4968  2
94850.00   0.4968  2
94900.00   0.6776  8
94950.00   0.4700  1
95000.00   0.4968  2
95050.00   0.5813  5
95100.00   0.6121  6
95150.00   0.5813  5
95200.00   0.4700  1
95250.00   0.6448  7
95300.00   0.6121  6
95350.00   0.6776  8
95400.00   0.5236  3
95450.00   0.6121  6
95500.00   0.5514  4
95550.00   0.4968  2
95600.00   0.4968  2
95650.00   0.4700  1
95700.00   0.6121  6
95750.00   0.4968  2
95800.00   0.5236  3
95850.00   0.5813  5
95900.00   0.4968  2
95950.00   0.6121  6
96000.00   0.4968  2
96050.00   0.4700  1
96100.00   0.5514  4
96150.00   0.4700  1
96200.00   0.4968  2
96250.00   0.5813  5
96300.00   0.6121  6
96350.00   0.6448  7
96400.00   0.6121  6
96450.00   0.4968  2
96500.00   0.5236  3
96550.00   0.5236  3
96600.00   0.6448  7
96650.00   0.5514  4
96700.00   0.5514  4
96750.00   0.4700  1
96800.00   0.5813  5
96850.00   0.6448  7
96900.00   0.5514  4
96950.00   0.5514  4
97000.00   0.4968  2
97050.00   0.6448  7
97100.00   0.6448  7
97150.00   0.5514  4
97200.00   0.5813  5
97250.00   0.6121  6
97300.00   0.6121  6
97350.00   0.4700  1
97400.00   0.4700  1
97450.00   0.5514  4
97500.00   0.5514  4
97550.00   0.6121  6
97600.00   0.6448  7
97650.00   0.6121  6
97700.00   0.6448  7
97750.00   0.4968  2
97800.00   0.4700  1
97850.00   0.4700  1
97900.00   0.6121  6
97950.00   0.5813  5
98000.00   0.4968  2
98050.00   0.5813  5
98100.00   0.4968  2
98150.00   0.5514  4
98200.00   0.6121  6
98250.00   0.5236  3
98300.00   0.5236  3
98350.01   0.6121  6
98400.00   0.4700  1
98450.00   0.5813  5
98500.00   0.5514  4
98550.00   0.5514  4
98600.00   0.4700  1
98650.00   0.4700  1
98700.00   0.6121  6
98750.00   0.5813  5
98800.01   0.4968  2
98850.00   0.6448  7
98900.00   0.6448  7
98950.01   0.5236  3
99000.00   0.5813  5
99050.00   0.4968  2
99100.00   0.4968  2
99150.00   0.4968  2
99200.00   0.4968  2
99250.00   0.4968  2
99300.00   0.5813  5
99350.00   0.4968  2
99400.00   0.5514  4
99450.00   0.5514  4
99500.00   0.5236  3
99550.00   0.4700  1
99600.00   0.5236  3
99650.00   0.4700  1
99700.00   0.5236  3
99750.00   0.5514  4
99800.00   0.5813  5
99850.00   0.5514  4
99900.00   0.4968  2
99950.00   0.5813  5
100000.00   0.5514  4
