50.00   0.4700  1
100.00   0.5514  4
150.00   0.5236  3
200.00   0.4700  1
250.01   0.6121  6
300.00   0.5236  3
350.00   0.5236  3
400.00   0.5514  4
450.00   0.5514  4
500.00   0.5813  5
550.00   0.5813  5
600.00   0.5514  4
650.00   0.4968  2
700.00   0.5236  3
750.00   0.5236  3
800.00   0.6121  6
850.00   0.6121  6
900.00   0.4968  2
950.00   0.7134  9
1000.00   0.5813  5
1050.00   0.5514  4
1100.00   0.6121  6
1150.00   0.5514  4
1200.00   0.6776  8
1250.00   0.5236  3
1300.00   0.7134  9
1350.00   0.6776  8
1400.00   0.6121  6
1450.01   0.6448  7
1500.00   0.5813  5
1550.00   0.6448  7
1600.00   0.5514  4
1650.00   0.6776  8
1700.00   0.6121  6
1750.00   0.7492 10
1800.00   0.7869 11
1850.00   0.5236  3
1900.00   0.5813  5
1950.00   0.6448  7
2000.00   0.4700  1
2050.00   0.6448  7
2100.00   0.6121  6
2150.00   0.5236  3
2200.00   0.5236  3
2250.00   0.5813  5
2300.00   0.6121  6
2350.00   0.5236  3
2400.00   0.6448  7
2450.00   0.6448  7
2500.00   0.4968  2
2550.00   0.5236  3
2600.00   0.5813  5
2650.00   0.4968  2
2700.00   0.6121  6
2750.00   0.6121  6
2800.00   0.5813  5
2850.00   0.6121  6
2900.00   0.5813  5
2950.00   0.6448  7
3000.00   0.6448  7
3050.00   0.5514  4
3100.00   0.6121  6
3150.00   0.6121  6
3200.00   0.6776  8
3250.00   0.5813  5
3300.00   0.7134  9
3350.00   0.6121  6
3400.00   0.6776  8
3450.00   0.5813  5
3500.00   0.5813  5
3550.00   0.5514  4
3600.00   0.6121  6
3650.00   0.6448  7
3700.00   0.6121  6
3750.00   0.6448  7
3800.00   0.5813  5
3850.00   0.6121  6
3900.00   0.6448  7
3950.00   0.6448  7
4000.00   0.6448  7
4050.00   0.5236  3
4100.00   0.5514  4
4150.00   0.4700  1
4200.00   0.4968  2
4250.00   0.5813  5
4300.00   0.5813  5
4350.00   0.4700  1
4400.00   0.5813  5
4450.00   0.6448  7
4500.00   0.6121  6
4550.00   0.5813  5
4600.00   0.7134  9
4650.00   0.6776  8
4700.00   0.6776  8
4750.00   0.6776  8
4800.00   0.6448  7
4850.01   0.7134  9
4900.00   0.6121  6
4950.00   0.6776  8
5000.00   0.6121  6
5050.00   0.6448  7
5100.00   0.6776  8
5150.00   0.6448  7
5200.00   0.5514  4
5250.00   0.6121  6
5300.00   0.6776  8
5350.00   0.7134  9
5400.00   0.6448  7
5450.00   0.6448  7
5500.00   0.6776  8
5550.00   0.8267 12
5600.00   0.6121  6
5650.00   0.6121  6
5700.00   0.7869 11
5750.00   0.7492 10
5800.00   0.6776  8
5850.00   0.7869 11
5900.00   0.7492 10
5950.00   0.5514  4
6000.00   0.6448  7
6050.00   0.6121  6
6100.00   0.5813  5
6150.00   0.5236  3
6200.00   0.6776  8
6250.00   0.5813  5
6300.00   0.5813  5
6350.00   0.6121  6
6400.00   0.6121  6
6450.00   0.6121  6
6500.00   0.6448  7
6550.00   0.6776  8
6600.00   0.5813  5
6650.00   0.6448  7
6700.00   0.7492 10
6750.00   0.6448  7
6800.00   0.6121  6
6850.00   0.6448  7
6900.00   0.6121  6
6950.00   0.4968  2
7000.00   0.5813  5
7050.00   0.6121  6
7100.00   0.7134  9
7150.00   0.5813  5
7200.00   0.6448  7
7250.00   0.5813  5
7300.00   0.6121  6
7350.00   0.6121  6
7400.00   0.6776  8
7450.00   0.6121  6
7500.00   0.5813  5
7550.00   0.5514  4
7600.00   0.6121  6
7650.00   0.5236  3
7700.01   0.6121  6
7750.00   0.6121  6
7800.00   0.7869 11
7850.00   0.6776  8
7900.00   0.6448  7
7950.00   0.6448  7
8000.00   0.6776  8
8050.00   0.5514  4
8100.00   0.6776  8
8150.00   0.5236  3
8200.00   0.6448  7
8250.00   0.6121  6
8300.00   0.5236  3
8350.00   0.6448  7
8400.00   0.5813  5
8450.00   0.6121  6
8500.00   0.6776  8
8550.00   0.5514  4
8600.00   0.6448  7
8650.00   0.5813  5
8700.00   0.5514  4
8750.00   0.5514  4
8800.00   0.5236  3
8850.00   0.6121  6
8900.00   0.4968  2
8950.00   0.5813  5
9000.00   0.6121  6
9050.00   0.6776  8
9100.00   0.6448  7
9150.00   0.5514  4
9200.00   0.6121  6
9250.00   0.5514  4
9300.00   0.4700  1
9350.00   0.5813  5
9400.00   0.5514  4
9450.00   0.5514  4
9500.00   0.5813  5
9550.00   0.5236  3
9600.00   0.5514  4
9650.00   0.4700  1
9700.00   0.4700  1
9750.00   0.4968  2
9800.00   0.5813  5
9850.00   0.6121  6
9900.00   0.5236  3
9950.00   0.4700  1
10000.00   0.4968  2
10050.00   0.4968  2
10100.00   0.4700  1
10150.00   0.6448  7
10200.00   0.5514  4
10250.00   0.5236  3
10300.00   0.4700  1
10350.00   0.5813  5
10400.00   0.5813  5
10450.00   0.5236  3
10500.00   0.4968  2
10550.00   0.4968  2
10600.00   0.4700  1
10650.00   0.5514  4
10700.00   0.5236  3
10750.00   0.5813  5
10800.00   0.6448  7
10850.00   0.5514  4
10900.00   0.4700  1
10950.00   0.6121  6
11000.00   0.5236  3
11050.00   0.5813  5
11100.00   0.4968  2
11150.00   0.5514  4
11200.00   0.4700  1
11250.00   0.5514  4
11300.00   0.4700  1
11350.00   0.4700  1
11400.00   0.5514  4
11450.00   0.5236  3
11500.00   0.5514  4
11550.00   0.5514  4
11600.00   0.4700  1
11650.00   0.4700  1
11700.00   0.4700  1
11750.00   0.6448  7
11800.00   0.4968  2
11850.00   0.5236  3
11900.00   0.5514  4
11950.00   0.5813  5
12000.00   0.5236  3
12050.00   0.5236  3
12100.00   0.4700  1
12150.00   0.4700  1
12200.00   0.5514  4
12250.00   0.4700  1
12300.00   0.5236  3
12350.00   0.4700  1
12400.01   0.4968  2
12450.00   0.4700  1
12500.00   0.4968  2
12550.00   0.5236  3
12600.00   0.5514  4
12650.00   0.5236  3
12700.00   0.5514  4
12750.00   0.6776  8
12800.00   0.6776  8
12850.00   0.6448  7
12900.00   0.4700  1
12950.00   0.4700  1
13000.00   0.5813  5
13050.00   0.6121  6
13100.00   0.4968  2
13150.00   0.5514  4
13200.00   0.6776  8
13250.00   0.5236  3
13300.00   0.5514  4
13350.00   0.5813  5
13400.00   0.4700  1
13450.00   0.5813  5
13500.00   0.4700  1
13550.00   0.6448  7
13600.00   0.4700  1
13650.00   0.4700  1
13700.00   0.4968  2
13750.00   0.6776  8
13800.00   0.4968  2
13850.00   0.5514  4
13900.00   0.5514  4
13950.00   0.5813  5
14000.00   0.6121  6
14050.00   0.4968  2
14100.00   0.4700  1
14150.00   0.5514  4
14200.00   0.5514  4
14250.00   0.6448  7
14300.00   0.4700  1
14350.00   0.4968  2
14400.00   0.6448  7
14450.00   0.6121  6
14500.00   0.4968  2
14550.00   0.5813  5
14600.00   0.6448  7
14650.00   0.5236  3
14700.00   0.5514  4
14750.00   0.4968  2
14800.00   0.4968  2
14850.00   0.6121  6
14900.00   0.5813  5
14950.00   0.4968  2
15000.00   0.5514  4
15050.00   0.5236  3
15100.00   0.5813  5
15150.00   0.5514  4
15200.00   0.5813  5
15250.00   0.5813  5
15300.00   0.5236  3
15350.00   0.6121  6
15400.00   0.5236  3
15450.00   0.6121  6
15500.00   0.7134  9
15550.00   0.4700  1
15600.00   0.6121  6
15650.00   0.4968  2
15700.00   0.4968  2
15750.00   0.4968  2
15800.00   0.5514  4
15850.00   0.4968  2
15900.00   0.6121  6
15950.00   0.5236  3
16000.00   0.4968  2
16050.00   0.4700  1
16100.00   0.4700  1
16150.00   0.4968  2
16200.00   0.5514  4
16250.00   0.4968  2
16300.00   0.5514  4
16350.00   0.5236  3
16400.00   0.5236  3
16450.00   0.5236  3
16500.00   0.5514  4
16550.00   0.4700  1
16600.00   0.5514  4
16650.00   0.4968  2
16700.00   0.4700  1
16750.00   0.4700  1
16800.00   0.4700  1
16850.00   0.5236  3
16900.00   0.5236  3
16950.00   0.5813  5
17000.00   0.4700  1
17050.00   0.5813  5
17100.00   0.6121  6
17150.00   0.5813  5
17200.00   0.4968  2
17250.00   0.4700  1
17300.00   0.5813  5
17350.00   0.5514  4
17400.00   0.5236  3
17450.00   0.4968  2
17500.00   0.5514  4
17550.01   0.4968  2
17600.00   0.5236  3
17650.00   0.4700  1
17700.00   0.5813  5
17750.00   0.4968  2
17800.00   0.5236  3
17850.01   0.6121  6
17900.00   0.6121  6
17950.00   0.5514  4
18000.00   0.4968  2
18050.00   0.4700  1
18100.00   0.4700  1
18150.00   0.4968  2
18200.00   0.4700  1
18250.00   0.5514  4
18300.00   0.4700  1
18350.00   0.5813  5
18400.00   0.4968  2
18450.00   0.4968  2
18500.00   0.5514  4
18550.00   0.6121  6
18600.00   0.6121  6
18650.00   0.4968  2
18700.00   0.5514  4
18750.00   0.4968  2
18800.00   0.5236  3
18850.00   0.6448  7
18900.00   0.5813  5
18950.00   0.5514  4
19000.01   0.5813  5
19050.00   0.5813  5
19100.00   0.5813  5
19150.00   0.5813  5
19200.00   0.4968  2
19250.00   0.4700  1
19300.00   0.4968  2
19350.00   0.5813  5
19400.00   0.5813  5
19450.00   0.4968  2
19500.00   0.4700  1
19550.00   0.5813  5
19600.00   0.6776  8
19650.00   0.4700  1
19700.00   0.5236  3
19750.00   0.5813  5
19800.00   0.4700  1
19850.00   0.5236  3
19900.00   0.4700  1
19950.00   0.6121  6
20000.00   0.5514  4
20050.00   0.5236  3
20100.00   0.4700  1
20150.00   0.4968  2
20200.00   0.4700  1
20250.00   0.6121  6
20300.00   0.6121  6
20350.00   0.5813  5
20400.00   0.4968  2
20450.00   0.5514  4
20500.00   0.5236  3
20550.00   0.4968  2
20600.00   0.4700  1
20650.00   0.4700  1
20700.00   0.5514  4
20750.00   0.5236  3
20800.00   0.5813  5
20850.00   0.4968  2
20900.00   0.5236  3
20950.00   0.4968  2
21000.00   0.4968  2
21050.00   0.6448  7
21100.00   0.5236  3
21150.00   0.5813  5
21200.00   0.4968  2
21250.00   0.6121  6
21300.00   0.5236  3
21350.00   0.5236  3
21400.00   0.4700  1
21450.00   0.5514  4
21500.00   0.5514  4
21550.00   0.4968  2
21600.00   0.5514  4
21650.00   0.5813  5
21700.00   0.6448  7
21750.00   0.5514  4
21800.00   0.5236  3
21850.00   0.5236  3
21900.00   0.6448  7
21950.00   0.6121  6
22000.00   0.6776  8
22050.00   0.4968  2
22100.00   0.6448  7
22150.00   0.5813  5
22200.00   0.4968  2
22250.00   0.6448  7
22300.00   0.6121  6
22350.00   0.5813  5
22400.00   0.5514  4
22450.00   0.5514  4
22500.00   0.5813  5
22550.00   0.5236  3
22600.00   0.4700  1
22650.00   0.5813  5
22700.00   0.4700  1
22750.00   0.4968  2
22800.00   0.5813  5
22850.00   0.6121  6
22900.00   0.5236  3
22950.00   0.6121  6
23000.00   0.5514  4
23050.00   0.5514  4
23100.00   0.5813  5
23150.00   0.4968  2
23200.00   0.5236  3
23250.00   0.6448  7
23300.00   0.4968  2
23350.00   0.5514  4
23400.01   0.5813  5
23450.00   0.5514  4
23500.00   0.6121  6
23550.00   0.4700  1
23600.00   0.4968  2
23650.00   0.6121  6
23700.00   0.6448  7
23750.00   0.5236  3
23800.01   0.6121  6
23850.00   0.4700  1
23900.00   0.5236  3
23950.00   0.6121  6
24000.00   0.6121  6
24050.00   0.4700  1
24100.00   0.6448  7
24150.00   0.6776  8
24200.00   0.5236  3
24250.00   0.4968  2
24300.00   0.6448  7
24350.00   0.5236  3
24400.00   0.4700  1
24450.00   0.4700  1
24500.00   0.5236  3
24550.00   0.4700  1
24600.00   0.4700  1
24650.00   0.6448  7
24700.00   0.4700  1
24750.00   0.5813  5
24800.00   0.4968  2
24850.00   0.5514  4
24900.00   0.5236  3
24950.00   0.5514  4
25000.00   0.5236  3
25050.00   0.6121  6
25100.00   0.6448  7
25150.00   0.6121  6
25200.00   0.6121  6
25250.00   0.5813  5
25300.00   0.5514  4
25350.00   0.4968  2
25400.00   0.5514  4
25450.00   0.5514  4
25500.00   0.6121  6
25550.00   0.6448  7
25600.00   0.4700  1
25650.00   0.5813  5
25700.00   0.5236  3
25750.00   0.4968  2
25800.00   0.5236  3
25850.00   0.5514  4
25900.00   0.6121  6
25950.00   0.6448  7
26000.00   0.6448  7
26050.00   0.6121  6
26100.00   0.6448  7
26150.00   0.5514  4
26200.00   0.5813  5
26250.00   0.5813  5
26300.00   0.4968  2
26350.00   0.5813  5
26400.00   0.5236  3
26450.00   0.4968  2
26500.00   0.5813  5
26550.00   0.4968  2
26600.00   0.5236  3
26650.00   0.4968  2
26700.00   0.5813  5
26750.00   0.5813  5
26800.00   0.4968  2
26850.00   0.6448  7
26900.00   0.6448  7
26950.00   0.6121  6
27000.00   0.4968  2
27050.00   0.5813  5
27100.00   0.5236  3
27150.00   0.6776  8
27200.00   0.6121  6
27250.00   0.5514  4
27300.00   0.6776  8
27350.00   0.6448  7
27400.00   0.6121  6
27450.00   0.7134  9
27500.00   0.5813  5
27550.00   0.6776  8
27600.00   0.6448  7
27650.00   0.5813  5
27700.00   0.5514  4
27750.00   0.6776  8
27800.00   0.6448  7
27850.00   0.6448  7
27900.00   0.6776  8
27950.00   0.6448  7
28000.00   0.6776  8
28050.00   0.6121  6
28100.00   0.6121  6
28150.00   0.5813  5
28200.00   0.5813  5
28250.00   0.6448  7
28300.00   0.6448  7
28350.00   0.6776  8
28400.00   0.6121  6
28450.00   0.4968  2
28500.00   0.5813  5
28550.00   0.5813  5
28600.00   0.6121  6
28650.00   0.5236  3
28700.00   0.4968  2
28750.00   0.6776  8
28800.00   0.4700  1
28850.00   0.5236  3
28900.00   0.5813  5
28950.00   0.5236  3
29000.00   0.5514  4
29050.00   0.5236  3
29100.00   0.4968  2
29150.00   0.4700  1
29200.00   0.5813  5
29250.00   0.4968  2
29300.00   0.5514  4
29350.00   0.4700  1
29400.00   0.5236  3
29450.00   0.5236  3
29500.00   0.5236  3
29550.00   0.4700  1
29600.00   0.5236  3
29650.00   0.6121  6
29700.00   0.6448  7
29750.00   0.6776  8
29800.00   0.4968  2
29850.00   0.6448  7
29900.00   0.6121  6
29950.00   0.5236  3
30000.00   0.6448  7
30050.00   0.6776  8
30100.00   0.6121  6
30150.00   0.6121  6
30200.00   0.5813  5
30250.00   0.6121  6
30300.00   0.4968  2
30350.00   0.4968  2
30400.00   0.5813  5
30450.00   0.5236  3
30500.00   0.4700  1
30550.00   0.5236  3
30600.00   0.5813  5
30650.00   0.4700  1
30700.00   0.5514  4
30750.00   0.6448  7
30800.00   0.5236  3
30850.00   0.5514  4
30900.00   0.6121  6
30950.00   0.4700  1
31000.00   0.4968  2
31050.00   0.5236  3
31100.00   0.5514  4
31150.00   0.5813  5
31200.00   0.4968  2
31250.00   0.6121  6
31300.00   0.5236  3
31350.00   0.5813  5
31400.00   0.6448  7
31450.00   0.6448  7
31500.00   0.6776  8
31550.00   0.5236  3
31600.00   0.5514  4
31650.00   0.6776  8
31700.00   0.6776  8
31750.00   0.6121  6
31800.00   0.6448  7
31850.00   0.5236  3
31900.00   0.5236  3
31950.00   0.5514  4
32000.00   0.4700  1
32050.00   0.4968  2
32100.00   0.6121  6
32150.00   0.5514  4
32200.00   0.6121  6
32250.00   0.6776  8
32300.00   0.5813  5
32350.00   0.5813  5
32400.00   0.5236  3
32450.00   0.7492 10
32500.00   0.5236  3
32550.00   0.6776  8
32600.00   0.6448  7
32650.00   0.4700  1
32700.00   0.4968  2
32750.00   0.4700  1
32800.00   0.5236  3
32850.00   0.6448  7
32900.00   0.5236  3
32950.00   0.5813  5
33000.00   0.6776  8
33050.00   0.6776  8
33100.00   0.6776  8
33150.00   0.4968  2
33200.00   0.5813  5
33250.00   0.5514  4
33300.00   0.6776  8
33350.00   0.6448  7
33400.00   0.6448  7
33450.00   0.5236  3
33500.00   0.4700  1
33550.00   0.4968  2
33600.00   0.4968  2
33650.01   0.5236  3
33700.00   0.4968  2
33750.00   0.4968  2
33800.00   0.6776  8
33850.00   0.4700  1
33900.00   0.6448  7
33950.00   0.6121  6
34000.00   0.4700  1
34050.00   0.6448  7
34100.00   0.6776  8
34150.00   0.6448  7
34200.00   0.6776  8
34250.00   0.6448  7
34300.00   0.6448  7
34350.00   0.4700  1
34400.00   0.4968  2
34450.00   0.5813  5
34500.00   0.6448  7
34550.00   0.7869 11
34600.00   0.6448  7
34650.01   0.6448  7
34700.00   0.5236  3
34750.00   0.4700  1
34800.00   0.6448  7
34850.00   0.6121  6
34900.00   0.6448  7
34950.00   0.5813  5
35000.00   0.6448  7
35050.00   0.6776  8
35100.00   0.6448  7
35150.00   0.6448  7
35200.00   0.6448  7
35250.00   0.5236  3
35300.00   0.5813  5
35350.00   0.6121  6
35400.00   0.6776  8
35450.00   0.6776  8
35500.00   0.5514  4
35550.00   0.6776  8
35600.00   0.6448  7
35650.00   0.6776  8
35700.00   0.6776  8
35750.00   0.6448  7
35800.00   0.6776  8
35850.00   0.6776  8
35900.00   0.5514  4
35950.00   0.6448  7
36000.00   0.6776  8
36050.00   0.5813  5
36100.00   0.6776  8
36150.00   0.6448  7
36200.00   0.5236  3
36250.00   0.6448  7
36300.00   0.7134  9
36350.00   0.5236  3
36400.00   0.6776  8
36450.01   0.6121  6
36500.00   0.6776  8
36550.00   0.5813  5
36600.00   0.4968  2
36650.00   0.5514  4
36700.00   0.5813  5
36750.00   0.5813  5
36800.00   0.6776  8
36850.00   0.6121  6
36900.00   0.6776  8
36950.00   0.6776  8
37000.00   0.6776  8
37050.00   0.5813  5
37100.01   0.6448  7
37150.00   0.6121  6
37200.00   0.6776  8
37250.00   0.6448  7
37300.01   0.6776  8
37350.00   0.6121  6
37400.00   0.6121  6
37450.00   0.6448  7
37500.00   0.7492 10
37550.00   0.5514  4
37600.00   0.6121  6
37650.00   0.5236  3
37700.00   0.4968  2
37750.00   0.4968  2
37800.00   0.6448  7
37850.00   0.6121  6
37900.00   0.4700  1
37950.00   0.5236  3
38000.00   0.4700  1
38050.00   0.6121  6
38100.00   0.4968  2
38150.00   0.4700  1
38200.00   0.5236  3
38250.00   0.6121  6
38300.00   0.6121  6
38350.01   0.6448  7
38400.00   0.6121  6
38450.00   0.5236  3
38500.00   0.5514  4
38550.00   0.6448  7
38600.00   0.5514  4
38650.00   0.4968  2
38700.00   0.4968  2
38750.00   0.6121  6
38800.00   0.4700  1
38850.00   0.6121  6
38900.00   0.6776  8
38950.00   0.6121  6
39000.00   0.4700  1
39050.00   0.5236  3
39100.00   0.4700  1
39150.00   0.4968  2
39200.00   0.4968  2
39250.00   0.6776  8
39300.00   0.5514  4
39350.00   0.4968  2
39400.00   0.4700  1
39450.00   0.4700  1
39500.00   0.6776  8
39550.00   0.4700  1
39600.00   0.5813  5
39650.00   0.6121  6
39700.00   0.6448  7
39750.00   0.5236  3
39800.00   0.4968  2
39850.00   0.4968  2
39900.00   0.6121  6
39950.00   0.4700  1
40000.00   0.4700  1
40050.00   0.4700  1
40100.00   0.5236  3
40150.00   0.6121  6
40200.00   0.6448  7
40250.00   0.4968  2
40300.00   0.4968  2
40350.00   0.4968  2
40400.00   0.6448  7
40450.00   0.5514  4
40500.00   0.6121  6
40550.00   0.6448  7
40600.00   0.5236  3
40650.00   0.6448  7
40700.00   0.6121  6
40750.00   0.4700  1
40800.00   0.7134  9
40850.00   0.5813  5
40900.00   0.4700  1
40950.00   0.5813  5
41000.01   0.4968  2
41050.00   0.4700  1
41100.00   0.4968  2
41150.00   0.5236  3
41200.00   0.5813  5
41250.00   0.6448  7
41300.00   0.5514  4
41350.00   0.5514  4
41400.00   0.5813  5
41450.00   0.5236  3
41500.00   0.5813  5
41550.00   0.6121  6
41600.00   0.5514  4
41650.00   0.5813  5
41700.00   0.4968  2
41750.00   0.5514  4
41800.00   0.5813  5
41850.00   0.5813  5
41900.00   0.5813  5
41950.01   0.5813  5
42000.00   0.6448  7
42050.00   0.4700  1
42100.00   0.5514  4
42150.00   0.5813  5
42200.00   0.5236  3
42250.00   0.5236  3
42300.00   0.6121  6
42350.00   0.5813  5
42400.00   0.5514  4
42450.00   0.5236  3
42500.00   0.4700  1
42550.00   0.4700  1
42600.00   0.4700  1
42650.00   0.6121  6
42700.00   0.4700  1
42750.00   0.5813  5
42800.00   0.6121  6
42850.00   0.4968  2
42900.00   0.4700  1
42950.00   0.5236  3
43000.00   0.5514  4
43050.00   0.7134  9
43100.00   0.5514  4
43150.00   0.4700  1
43200.00   0.4700  1
43250.00   0.5236  3
43300.00   0.6776  8
43350.00   0.5514  4
43400.00   0.4968  2
43450.00   0.6121  6
43500.00   0.4700  1
43550.00   0.4700  1
43600.00   0.4968  2
43650.00   0.6448  7
43700.00   0.5514  4
43750.01   0.6121  6
43800.00   0.5514  4
43850.00   0.6776  8
43900.00   0.5236  3
43950.00   0.5813  5
44000.00   0.5236  3
44050.00   0.4700  1
44100.00   0.6448  7
44150.00   0.5813  5
44200.00   0.6121  6
44250.00   0.5514  4
44300.00   0.6448  7
44350.00   0.5514  4
44400.00   0.5514  4
44450.00   0.6776  8
44500.00   0.6121  6
44550.00   0.4700  1
44600.00   0.5236  3
44650.00   0.4700  1
44700.00   0.4968  2
44750.00   0.6121  6
44800.00   0.4700  1
44850.00   0.4700  1
44900.00   0.5813  5
44950.00   0.4700  1
45000.00   0.5236  3
45050.00   0.5813  5
45100.00   0.4700  1
45150.00   0.5236  3
45200.00   0.5514  4
45250.00   0.6121  6
45300.00   0.4700  1
45350.00   0.5236  3
45400.00   0.4700  1
45450.00   0.5514  4
45500.00   0.5514  4
45550.00   0.5236  3
45600.00   0.5236  3
45650.00   0.5514  4
45700.00   0.4700  1
45750.00   0.5236  3
45800.00   0.4968  2
45850.00   0.4968  2
45900.00   0.5813  5
45950.00   0.6448  7
46000.00   0.5514  4
46050.00   0.5514  4
46100.00   0.5813  5
46150.00   0.4968  2
46200.00   0.5514  4
46250.00   0.5514  4
46300.00   0.4968  2
46350.00   0.6448  7
46400.00   0.4968  2
46450.00   0.4700  1
46500.00   0.5236  3
46550.00   0.4968  2
46600.00   0.5514  4
46650.00   0.6121  6
46700.00   0.5813  5
46750.00   0.4700  1
46800.00   0.6448  7
46850.00   0.6448  7
46900.00   0.6776  8
46950.00   0.5514  4
47000.00   0.6776  8
47050.00   0.6121  6
47100.00   0.5514  4
47150.01   0.5813  5
47200.00   0.5236  3
47250.00   0.5514  4
47300.00   0.5813  5
47350.00   0.5813  5
47400.00   0.4700  1
47450.00   0.5813  5
47500.00   0.5514  4
47550.00   0.6121  6
47600.00   0.6776  8
47650.00   0.5514  4
47700.00   0.4700  1
47750.00   0.5236  3
47800.00   0.6121  6
47850.00   0.4700  1
47900.00   0.4700  1
47950.00   0.6121  6
48000.00   0.6776  8
48050.00   0.5236  3
48100.00   0.6776  8
48150.00   0.6448  7
48200.00   0.6776  8
48250.00   0.7134  9
48300.00   0.6121  6
48350.00   0.6448  7
48400.00   0.5813  5
48450.00   0.7134  9
48500.00   0.5514  4
48550.00   0.7492 10
48600.00   0.6448  7
48650.00   0.4968  2
48700.00   0.5813  5
48750.00   0.4968  2
48800.00   0.6121  6
48850.00   0.6776  8
48900.00   0.6448  7
48950.00   0.4700  1
49000.00   0.5236  3
49050.00   0.6448  7
49100.00   0.5236  3
49150.00   0.5514  4
49200.00   0.6776  8
49250.00   0.6121  6
49300.00   0.5514  4
49350.00   0.5813  5
49400.00   0.5813  5
49450.00   0.7134  9
49500.00   0.4968  2
49550.00   0.5514  4
49600.00   0.4968  2
49650.00   0.5236  3
49700.00   0.4968  2
49750.00   0.5813  5
49800.00   0.5813  5
49850.00   0.5813  5
49900.00   0.5813  5
49950.00   0.5236  3
50000.00   0.5514  4
50050.00   0.5813  5
50100.00   0.4700  1
50150.00   0.5236  3
50200.00   0.5813  5
50250.00   0.7134  9
50300.00   0.6448  7
50350.00   0.6776  8
50400.00   0.5813  5
50450.00   0.7869 11
50500.00   0.7492 10
50550.00   0.6776  8
50600.00   0.5813  5
50650.00   0.6776  8
50700.00   0.6776  8
50750.00   0.6448  7
50800.00   0.5514  4
50850.00   0.5813  5
50900.00   0.6776  8
50950.00   0.6776  8
51000.00   0.5514  4
51050.00   0.6121  6
51100.00   0.7492 10
51150.00   0.6776  8
51200.00   0.6776  8
51250.00   0.6776  8
51300.00   0.5236  3
51350.00   0.6121  6
51400.00   0.5813  5
51450.00   0.4968  2
51500.00   0.5514  4
51550.00   0.6776  8
51600.00   0.4968  2
51650.00   0.7134  9
51700.00   0.6776  8
51750.00   0.6121  6
51800.00   0.5813  5
51850.00   0.6121  6
51900.00   0.6448  7
51950.00   0.6448  7
52000.00   0.5813  5
52050.00   0.6121  6
52100.00   0.5514  4
52150.00   0.6121  6
52200.00   0.5813  5
52250.00   0.6121  6
52300.00   0.6121  6
52350.00   0.6776  8
52400.00   0.6448  7
52450.00   0.5813  5
52500.00   0.6776  8
52550.00   0.5514  4
52600.00   0.6448  7
52650.00   0.5236  3
52700.00   0.6448  7
52750.00   0.6121  6
52800.00   0.4700  1
52850.00   0.5514  4
52900.00   0.5514  4
52950.00   0.6448  7
53000.00   0.6448  7
53050.00   0.7492 10
53100.00   0.6121  6
53150.00   0.4968  2
53200.00   0.6121  6
53250.00   0.6121  6
53300.00   0.6776  8
53350.00   0.5813  5
53400.00   0.6121  6
53450.00   0.5514  4
53500.00   0.6121  6
53550.00   0.5236  3
53600.00   0.6448  7
53650.00   0.6448  7
53700.00   0.5236  3
53750.00   0.5236  3
53800.00   0.5813  5
53850.00   0.4700  1
53900.00   0.4700  1
53950.00   0.5236  3
54000.00   0.6121  6
54050.00   0.6448  7
54100.00   0.5813  5
54150.01   0.6776  8
54200.00   0.6448  7
54250.00   0.6448  7
54300.00   0.6121  6
54350.00   0.6121  6
54400.00   0.6448  7
54450.00   0.5813  5
54500.00   0.6448  7
54550.00   0.7492 10
54600.00   0.6121  6
54650.00   0.5813  5
54700.00   0.7492 10
54750.00   0.6121  6
54800.00   0.5813  5
54850.00   0.5514  4
54900.00   0.6121  6
54950.00   0.5514  4
55000.00   0.5813  5
55050.00   0.5236  3
55100.00   0.5514  4
55150.00   0.5813  5
55200.00   0.4700  1
55250.00   0.6121  6
55300.00   0.6121  6
55350.00   0.6121  6
55400.00   0.5514  4
55450.00   0.4968  2
55500.00   0.5813  5
55550.00   0.6121  6
55600.00   0.4700  1
55650.00   0.4700  1
55700.00   0.5813  5
55750.00   0.5813  5
55800.01   0.4700  1
55850.00   0.5813  5
55900.00   0.6121  6
55950.00   0.6121  6
56000.00   0.5514  4
56050.00   0.6121  6
56100.00   0.6121  6
56150.00   0.6121  6
56200.00   0.6121  6
56250.00   0.6121  6
56300.00   0.6121  6
56350.00   0.5813  5
56400.00   0.6448  7
56450.00   0.4968  2
56500.00   0.4968  2
56550.00   0.4700  1
56600.00   0.5813  5
56650.00   0.5236  3
56700.00   0.5236  3
56750.00   0.4968  2
56800.00   0.5514  4
56850.00   0.6448  7
56900.00   0.5813  5
56950.00   0.5236  3
57000.00   0.6121  6
57050.00   0.5236  3
57100.00   0.5813  5
57150.00   0.5813  5
57200.00   0.6121  6
57250.00   0.5236  3
57300.00   0.5813  5
57350.00   0.5514  4
57400.00   0.5813  5
57450.01   0.5813  5
57500.00   0.5514  4
57550.00   0.5813  5
57600.00   0.6121  6
57650.00   0.5514  4
57700.00   0.5514  4
57750.00   0.5236  3
57800.00   0.5813  5
57850.00   0.4968  2
57900.00   0.6121  6
57950.00   0.5514  4
58000.00   0.6121  6
58050.00   0.5813  5
58100.00   0.5514  4
58150.00   0.6121  6
58200.00   0.6121  6
58250.00   0.5813  5
58300.00   0.4700  1
58350.00   0.6121  6
58400.00   0.5813  5
58450.00   0.6121  6
58500.00   0.5236  3
58550.00   0.6448  7
58600.00   0.6448  7
58650.00   0.5813  5
58700.00   0.6448  7
58750.00   0.6121  6
58800.00   0.5514  4
58850.00   0.6448  7
58900.00   0.6121  6
58950.00   0.5236  3
59000.00   0.5514  4
59050.00   0.5514  4
59100.00   0.6121  6
59150.00   0.6121  6
59200.00   0.5236  3
59250.00   0.6448  7
59300.00   0.6448  7
59350.00   0.6121  6
59400.00   0.5813  5
59450.00   0.6121  6
59500.00   0.6448  7
59550.00   0.5236  3
59600.00   0.5813  5
59650.00   0.4968  2
59700.00   0.5514  4
59750.00   0.5236  3
59800.00   0.5514  4
59850.00   0.5236  3
59900.00   0.4968  2
59950.00   0.5514  4
60000.00   0.5514  4
60050.01   0.5514  4
60100.00   0.5236  3
60150.00   0.6121  6
60200.00   0.6121  6
60250.00   0.5514  4
60300.00   0.6448  7
60350.00   0.5813  5
60400.00   0.7134  9
60450.00   0.6448  7
60500.00   0.4968  2
60550.00   0.6121  6
60600.00   0.6121  6
60650.00   0.6121  6
60700.00   0.4968  2
60750.00   0.6776  8
60800.00   0.5514  4
60850.00   0.4968  2
60900.00   0.5514  4
60950.00   0.5236  3
61000.00   0.5236  3
61050.00   0.4700  1
61100.00   0.5514  4
61150.00   0.4700  1
61200.00   0.5813  5
61250.00   0.5813  5
61300.00   0.5514  4
61350.00   0.6121  6
61400.00   0.4700  1
61450.00   0.4700  1
61500.00   0.4968  2
61550.00   0.5514  4
61600.00   0.6121  6
61650.00   0.5514  4
61700.00   0.5813  5
61750.00   0.6448  7
61800.00   0.5813  5
61850.00   0.5813  5
61900.00   0.6121  6
61950.00   0.6448  7
62000.00   0.4968  2
62050.00   0.6448  7
62100.00   0.4700  1
62150.00   0.5514  4
62200.00   0.4700  1
62250.00   0.5813  5
62300.00   0.4700  1
62350.00   0.4700  1
62400.00   0.6448  7
62450.00   0.5236  3
62500.00   0.4968  2
62550.00   0.4968  2
62600.00   0.5813  5
62650.00   0.4700  1
62700.00   0.6121  6
62750.00   0.5514  4
62800.00   0.4700  1
62850.00   0.4700  1
62900.00   0.4968  2
62950.00   0.5236  3
63000.00   0.6776  8
63050.00   0.6448  7
63100.00   0.4700  1
63150.00   0.6121  6
63200.00   0.5514  4
63250.00   0.5813  5
63300.00   0.5514  4
63350.00   0.5514  4
63400.00   0.5514  4
63450.00   0.5236  3
63500.00   0.4700  1
63550.00   0.6121  6
63600.00   0.5514  4
63650.00   0.5236  3
63700.00   0.6121  6
63750.00   0.6448  7
63800.00   0.6448  7
63850.00   0.5514  4
63900.00   0.5813  5
63950.00   0.5236  3
64000.00   0.4700  1
64050.00   0.6448  7
64100.00   0.4700  1
64150.00   0.4700  1
64200.00   0.4700  1
64250.00   0.6121  6
64300.01   0.5236  3
64350.00   0.6448  7
64400.00   0.5813  5
64450.00   0.6121  6
64500.00   0.4968  2
64550.00   0.4700  1
64600.00   0.5514  4
64650.00   0.4700  1
64700.00   0.6776  8
64750.00   0.5813  5
64800.00   0.5236  3
64850.00   0.5514  4
64900.00   0.4700  1
64950.00   0.5236  3
65000.00   0.5813  5
65050.00   0.4700  1
65100.00   0.5236  3
65150.00   0.5514  4
65200.00   0.4700  1
65250.00   0.4968  2
65300.00   0.4968  2
65350.00   0.5236  3
65400.00   0.4968  2
65450.00   0.4700  1
65500.00   0.5813  5
65550.00   0.6448  7
65600.00   0.5813  5
65650.00   0.6448  7
65700.00   0.5813  5
65750.00   0.4968  2
65800.00   0.6448  7
65850.00   0.5236  3
65900.00   0.5813  5
65950.01   0.4700  1
66000.00   0.4968  2
66050.00   0.4700  1
66100.00   0.4968  2
66150.00   0.5813  5
66200.00   0.5236  3
66250.00   0.5514  4
66300.00   0.5813  5
66350.00   0.4700  1
66400.00   0.6448  7
66450.00   0.6121  6
66500.00   0.5813  5
66550.00   0.5813  5
66600.01   0.5813  5
66650.00   0.4700  1
66700.00   0.4700  1
66750.00   0.4968  2
66800.00   0.5236  3
66850.00   0.6121  6
66900.00   0.5514  4
66950.00   0.5813  5
67000.00   0.6448  7
67050.00   0.5813  5
67100.00   0.6121  6
67150.00   0.5236  3
67200.00   0.5514  4
67250.00   0.6448  7
67300.00   0.5514  4
67350.00   0.6776  8
67400.00   0.6448  7
67450.00   0.6121  6
67500.00   0.4968  2
67550.00   0.6448  7
67600.00   0.6448  7
67650.00   0.6448  7
67700.00   0.4700  1
67750.00   0.5514  4
67800.00   0.5813  5
67850.00   0.6121  6
67900.00   0.6448  7
67950.00   0.6121  6
68000.00   0.5813  5
68050.00   0.6448  7
68100.00   0.6121  6
68150.00   0.6448  7
68200.00   0.6776  8
68250.00   0.6448  7
68300.00   0.6448  7
68350.00   0.6776  8
68400.00   0.5813  5
68450.00   0.6121  6
68500.00   0.6121  6
68550.00   0.6448  7
68600.00   0.6448  7
68650.00   0.6448  7
68700.00   0.6776  8
68750.00   0.5813  5
68800.00   0.5813  5
68850.00   0.7134  9
68900.00   0.5813  5
68950.00   0.5514  4
69000.00   0.6121  6
69050.00   0.6448  7
69100.00   0.6121  6
69150.00   0.5813  5
69200.00   0.6448  7
69250.00   0.6448  7
69300.00   0.5813  5
69350.00   0.6448  7
69400.00   0.5514  4
69450.00   0.5813  5
69500.00   0.6121  6
69550.00   0.6121  6
69600.00   0.6121  6
69650.00   0.5514  4
69700.00   0.6121  6
69750.00   0.4968  2
69800.00   0.5514  4
69850.00   0.6121  6
69900.00   0.5514  4
69950.00   0.4968  2
70000.00   0.5813  5
70050.00   0.5514  4
70100.00   0.6448  7
70150.00   0.6448  7
70200.00   0.6448  7
70250.00   0.6121  6
70300.00   0.5236  3
70350.00   0.5813  5
70400.00   0.6121  6
70450.00   0.5236  3
70500.00   0.6121  6
70550.00   0.6121  6
70600.00   0.6121  6
70650.00   0.6121  6
70700.00   0.6776  8
70750.00   0.6121  6
70800.00   0.5236  3
70850.01   0.6121  6
70900.00   0.4700  1
70950.00   0.5514  4
71000.00   0.6448  7
71050.00   0.4968  2
71100.00   0.6121  6
71150.00   0.6121  6
71200.00   0.6121  6
71250.00   0.5236  3
71300.00   0.5813  5
71350.00   0.6121  6
71400.00   0.5813  5
71450.00   0.6121  6
71500.00   0.5514  4
71550.00   0.6121  6
71600.00   0.6448  7
71650.00   0.5514  4
71700.00   0.6121  6
71750.00   0.5514  4
71800.00   0.5236  3
71850.00   0.6121  6
71900.00   0.6121  6
71950.00   0.6121  6
72000.00   0.5514  4
72050.00   0.5514  4
72100.00   0.6121  6
72150.00   0.5236  3
72200.00   0.5514  4
72250.00   0.5813  5
72300.00   0.5813  5
72350.00   0.5813  5
72400.00   0.5813  5
72450.00   0.5813  5
72500.00   0.5236  3
72550.00   0.5813  5
72600.00   0.4968  2
72650.00   0.6121  6
72700.00   0.5813  5
72750.00   0.5813  5
72800.00   0.6121  6
72850.00   0.6448  7
72900.00   0.5813  5
72950.00   0.6448  7
73000.00   0.5813  5
73050.00   0.6776  8
73100.00   0.5514  4
73150.00   0.5813  5
73200.00   0.6448  7
73250.00   0.5236  3
73300.00   0.5236  3
73350.00   0.5514  4
73400.00   0.5236  3
73450.00   0.6448  7
73500.00   0.7134  9
73550.00   0.6121  6
73600.00   0.6121  6
73650.00   0.6121  6
73700.00   0.6121  6
73750.00   0.5514  4
73800.00   0.6121  6
73850.00   0.6448  7
73900.00   0.6448  7
73950.00   0.5813  5
74000.00   0.6776  8
74050.00   0.6448  7
74100.00   0.6776  8
74150.00   0.5813  5
74200.00   0.4700  1
74250.00   0.5514  4
74300.00   0.5236  3
74350.00   0.5236  3
74400.00   0.5514  4
74450.00   0.5813  5
74500.00   0.5236  3
74550.00   0.6448  7
74600.00   0.6448  7
74650.00   0.6121  6
74700.00   0.6448  7
74750.00   0.5514  4
74800.00   0.6776  8
74850.00   0.5236  3
74900.00   0.6448  7
74950.00   0.5813  5
75000.00   0.4700  1
75050.00   0.7492 10
75100.00   0.6776  8
75150.00   0.6121  6
75200.00   0.6121  6
75250.00   0.5514  4
75300.00   0.6448  7
75350.00   0.5813  5
75400.00   0.6448  7
75450.00   0.6448  7
75500.00   0.4968  2
75550.00   0.5236  3
75600.00   0.5813  5
75650.00   0.6121  6
75700.00   0.6121  6
75750.00   0.5813  5
75800.00   0.5514  4
75850.00   0.4968  2
75900.00   0.6448  7
75950.00   0.6448  7
76000.00   0.6448  7
76050.00   0.6448  7
76100.00   0.5514  4
76150.00   0.6121  6
76200.00   0.5813  5
76250.00   0.5813  5
76300.00   0.5514  4
76350.00   0.6776  8
76400.00   0.6448  7
76450.00   0.6448  7
76500.01   0.6776  8
76550.00   0.6121  6
76600.00   0.6448  7
76650.00   0.4968  2
76700.00   0.5514  4
76750.01   0.5514  4
76800.00   0.6121  6
76850.00   0.6121  6
76900.00   0.5514  4
76950.00   0.5813  5
77000.00   0.6121  6
77050.00   0.6121  6
77100.00   0.6121  6
77150.00   0.6121  6
77200.00   0.4968  2
77250.00   0.5236  3
77300.00   0.5514  4
77350.00   0.6448  7
77400.00   0.5236  3
77450.00   0.5514  4
77500.00   0.6448  7
77550.00   0.6448  7
77600.00   0.5514  4
77650.00   0.5813  5
77700.00   0.6776  8
77750.00   0.6121  6
77800.00   0.6448  7
77850.00   0.6448  7
77900.00   0.6448  7
77950.00   0.6448  7
78000.00   0.6448  7
78050.00   0.6448  7
78100.00   0.5236  3
78150.00   0.6448  7
78200.00   0.6448  7
78250.00   0.6448  7
78300.00   0.4968  2
78350.00   0.6448  7
78400.00   0.6448  7
78450.00   0.6121  6
78500.00   0.6121  6
78550.00   0.5813  5
78600.00   0.6776  8
78650.00   0.6448  7
78700.00   0.6776  8
78750.00   0.6448  7
78800.00   0.6448  7
78850.00   0.6448  7
78900.00   0.6776  8
78950.00   0.7134  9
79000.00   0.6776  8
79050.00   0.6448  7
79100.00   0.6448  7
79150.00   0.6121  6
79200.00   0.6121  6
79250.00   0.6448  7
79300.00   0.6448  7
79350.00   0.6448  7
79400.00   0.6448  7
79450.00   0.5813  5
79500.00   0.6448  7
79550.00   0.5813  5
79600.00   0.6448  7
79650.00   0.5236  3
79700.00   0.6448  7
79750.00   0.6121  6
79800.00   0.6448  7
79850.00   0.6448  7
79900.00   0.6448  7
79950.00   0.6448  7
80000.00   0.6121  6
80050.00   0.6448  7
80100.01   0.6448  7
80150.00   0.5813  5
80200.00   0.6121  6
80250.00   0.5514  4
80300.00   0.6448  7
80350.00   0.5813  5
80400.00   0.6448  7
80450.00   0.5813  5
80500.00   0.6448  7
80550.00   0.6448  7
80600.00   0.6448  7
80650.00   0.6776  8
80700.00   0.6448  7
80750.00   0.6121  6
80800.00   0.6121  6
80850.00   0.6776  8
80900.00   0.6448  7
80950.00   0.6448  7
81000.00   0.6448  7
81050.00   0.6121  6
81100.00   0.6121  6
81150.00   0.6121  6
81200.00   0.4700  1
81250.00   0.6448  7
81300.00   0.6121  6
81350.00   0.6121  6
81400.00   0.5813  5
81450.00   0.6121  6
81500.00   0.6776  8
81550.00   0.6121  6
81600.01   0.6448  7
81650.00   0.6448  7
81700.00   0.6121  6
81750.00   0.6448  7
81800.00   0.6448  7
81850.00   0.6776  8
81900.00   0.6121  6
81950.00   0.6121  6
82000.00   0.6448  7
82050.00   0.5514  4
82100.00   0.6121  6
82150.00   0.5813  5
82200.00   0.6121  6
82250.00   0.6121  6
82300.00   0.6448  7
82350.00   0.6448  7
82400.00   0.5813  5
82450.00   0.5514  4
82500.00   0.5813  5
82550.00   0.6121  6
82600.00   0.6776  8
82650.00   0.6776  8
82700.00   0.6776  8
82750.00   0.6121  6
82800.00   0.6121  6
82850.00   0.6448  7
82900.00   0.6121  6
82950.00   0.5813  5
83000.00   0.6448  7
83050.00   0.6121  6
83100.00   0.5514  4
83150.00   0.6121  6
83200.00   0.6448  7
83250.00   0.5813  5
83300.00   0.6448  7
83350.00   0.5514  4
83400.00   0.6448  7
83450.00   0.6448  7
83500.00   0.6448  7
83550.00   0.6121  6
83600.00   0.6448  7
83650.00   0.5813  5
83700.00   0.6448  7
83750.00   0.6448  7
83800.00   0.6448  7
83850.00   0.6448  7
83900.00   0.6121  6
83950.00   0.6776  8
84000.00   0.6121  6
84050.00   0.5813  5
84100.00   0.6448  7
84150.00   0.6121  6
84200.01   0.6448  7
84250.00   0.6121  6
84300.00   0.6121  6
84350.00   0.6448  7
84400.00   0.6448  7
84450.00   0.6448  7
84500.00   0.6121  6
84550.00   0.5236  3
84600.00   0.4968  2
84650.00   0.5813  5
84700.00   0.5514  4
84750.00   0.6121  6
84800.00   0.5813  5
84850.00   0.5813  5
84900.00   0.6776  8
84950.00   0.6776  8
85000.00   0.6448  7
85050.00   0.5514  4
85100.00   0.4968  2
85150.00   0.4968  2
85200.00   0.6448  7
85250.00   0.6448  7
85300.00   0.5813  5
85350.00   0.5813  5
85400.00   0.7134  9
85450.00   0.5813  5
85500.00   0.6121  6
85550.00   0.5514  4
85600.00   0.4968  2
85650.00   0.4968  2
85700.00   0.4700  1
85750.00   0.5236  3
85800.00   0.6448  7
85850.00   0.4968  2
85900.00   0.4968  2
85950.00   0.5236  3
86000.00   0.5813  5
86050.00   0.4700  1
86100.00   0.5236  3
86150.00   0.5514  4
86200.00   0.4968  2
86250.00   0.6448  7
86300.00   0.6121  6
86350.00   0.4968  2
86400.00   0.6448  7
86450.00   0.5236  3
86500.00   0.5813  5
86550.01   0.4700  1
86600.00   0.4700  1
86650.00   0.4700  1
86700.00   0.5514  4
86750.00   0.5514  4
86800.00   0.5813  5
86850.00   0.5813  5
86900.00   0.4968  2
86950.01   0.6776  8
87000.00   0.6448  7
87050.00   0.5236  3
87100.00   0.4968  2
87150.00   0.5514  4
87200.00   0.5813  5
87250.00   0.5514  4
87300.00   0.5236  3
87350.00   0.5514  4
87400.00   0.4700  1
87450.00   0.5236  3
87500.00   0.6776  8
87550.00   0.6448  7
87600.00   0.6776  8
87650.00   0.4700  1
87700.00   0.5813  5
87750.00   0.5236  3
87800.00   0.5236  3
87850.00   0.4968  2
87900.00   0.4700  1
87950.00   0.5236  3
88000.00   0.5236  3
88050.00   0.6448  7
88100.00   0.6776  8
88150.00   0.5514  4
88200.00   0.4700  1
88250.00   0.4968  2
88300.00   0.4968  2
88350.00   0.5813  5
88400.00   0.6121  6
88450.00   0.5514  4
88500.00   0.5514  4
88550.00   0.4968  2
88600.00   0.6121  6
88650.00   0.5514  4
88700.00   0.5813  5
88750.00   0.4700  1
88800.00   0.6121  6
88850.00   0.6448  7
88900.00   0.5236  3
88950.00   0.5813  5
89000.00   0.4968  2
89050.00   0.6121  6
89100.00   0.5813  5
89150.00   0.6776  8
89200.00   0.4968  2
89250.00   0.5236  3
89300.00   0.5236  3
89350.00   0.6121  6
89400.00   0.4968  2
89450.00   0.5236  3
89500.00   0.6121  6
89550.00   0.4700  1
89600.01   0.5813  5
89650.00   0.5236  3
89700.00   0.6121  6
89750.01   0.4968  2
89800.00   0.5514  4
89850.00   0.4700  1
89900.00   0.6121  6
89950.00   0.4968  2
90000.00   0.6448  7
90050.00   0.5813  5
90100.00   0.5813  5
90150.00   0.6448  7
90200.00   0.6121  6
90250.00   0.5813  5
90300.00   0.6448  7
90350.00   0.5813  5
90400.00   0.5514  4
90450.00   0.5236  3
90500.00   0.4700  1
90550.00   0.6121  6
90600.00   0.5514  4
90650.00   0.4700  1
90700.00   0.6448  7
90750.00   0.5236  3
90800.00   0.6776  8
90850.00   0.4700  1
90900.00   0.4968  2
90950.00   0.4700  1
91000.00   0.5236  3
91050.00   0.6448  7
91100.00   0.5813  5
91150.00   0.5514  4
91200.00   0.4968  2
91250.00   0.4700  1
91300.00   0.5236  3
91350.00   0.5813  5
91400.00   0.6448  7
91450.00   0.4968  2
91500.00   0.4700  1
91550.00   0.5236  3
91600.00   0.4700  1
91650.00   0.5236  3
91700.00   0.5514  4
91750.00   0.6121  6
91800.00   0.5514  4
91850.00   0.5236  3
91900.01   0.5236  3
91950.00   0.4700  1
92000.00   0.4700  1
92050.00   0.6448  7
92100.00   0.5813  5
92150.00   0.5236  3
92200.00   0.4700  1
92250.00   0.5236  3
92300.00   0.5813  5
92350.00   0.5813  5
92400.00   0.4968  2
92450.00   0.5236  3
92500.00   0.6121  6
92550.00   0.6121  6
92600.00   0.4968  2
92650.00   0.5514  4
92700.00   0.4700  1
92750.00   0.5514  4
92800.00   0.6121  6
92850.00   0.6448  7
92900.00   0.6448  7
92950.00   0.5813  5
93000.00   0.5813  5
93050.00   0.5514  4
93100.00   0.5514  4
93150.00   0.5514  4
93200.00   0.6121  6
93250.00   0.6121  6
93300.00   0.5236  3
93350.00   0.4968  2
93400.00   0.5514  4
93450.00   0.4968  2
93500.00   0.6448  7
93550.00   0.6448  7
93600.00   0.4968  2
93650.00   0.5236  3
93700.00   0.4968  2
93750.00   0.5813  5
93800.00   0.5236  3
93850.00   0.5813  5
93900.00   0.4700  1
93950.00   0.4700  1
94000.00   0.5236  3
94050.00   0.5514  4
94100.00   0.5236  3
94150.00   0.5813  5
94200.00   0.6121  6
94250.00   0.4700  1
94300.00   0.4968  2
94350.00   0.6121  6
94400.00   0.5236  3
94450.00   0.4968  2
94500.00   0.5236  3
94550.00   0.5236  3
94600.00   0.4700  1
94650.00   0.5514  4
94700.00   0.5514  4
94750.00   0.6121  6
94800.00   0.5236  3
94850.00   0.5236  3
94900.00   0.6121  6
94950.00   0.6121  6
95000.00   0.5236  3
95050.00   0.5514  4
95100.00   0.5236  3
95150.00   0.5236  3
95200.00   0.5514  4
95250.00   0.5514  4
95300.00   0.4700  1
95350.00   0.6121  6
95400.00   0.5813  5
95450.00   0.5514  4
95500.00   0.5236  3
95550.00   0.5236  3
95600.00   0.6448  7
95650.00   0.5514  4
95700.00   0.4968  2
95750.00   0.5514  4
95800.00   0.5813  5
95850.00   0.4700  1
95900.00   0.5236  3
95950.00   0.4700  1
96000.00   0.5236  3
96050.00   0.6121  6
96100.00   0.5236  3
96150.00   0.6121  6
96200.00   0.6448  7
96250.00   0.5236  3
96300.00   0.4700  1
96350.00   0.4968  2
96400.01   0.4968  2
96450.00   0.5813  5
96500.00   0.5514  4
96550.00   0.5514  4
96600.00   0.5813  5
96650.00   0.5236  3
96700.00   0.5813  5
96750.00   0.5514  4
96800.00   0.6121  6
96850.00   0.5236  3
96900.00   0.4700  1
96950.00   0.4968  2
97000.00   0.4700  1
97050.00   0.4700  1
97100.00   0.4700  1
97150.00   0.5236  3
97200.00   0.4700  1
97250.00   0.4700  1
97300.00   0.4700  1
97350.00   0.6448  7
97400.00   0.5813  5
97450.00   0.5236  3
97500.00   0.5813  5
97550.00   0.4968  2
97600.00   0.4700  1
97650.00   0.4968  2
97700.00   0.5514  4
97750.00   0.5813  5
97800.00   0.4968  2
97850.00   0.4968  2
97900.00   0.5236  3
97950.00   0.4968  2
98000.00   0.5514  4
98050.00   0.5236  3
98100.00   0.5236  3
98150.00   0.4700  1
98200.00   0.4968  2
98250.00   0.4700  1
98300.00   0.4968  2
98350.00   0.4700  1
98400.00   0.4968  2
98450.00   0.5236  3
98500.00   0.5813  5
98550.00   0.4700  1
98600.00   0.6121  6
98650.00   0.5236  3
98700.00   0.4700  1
98750.00   0.4700  1
98800.00   0.6448  7
98850.00   0.5236  3
98900.00   0.5813  5
98950.00   0.4700  1
99000.00   0.5236  3
99050.00   0.6121  6
99100.00   0.5813  5
99150.00   0.6448  7
99200.00   0.4700  1
99250.00   0.5813  5
99300.00   0.4968  2
99350.00   0.5236  3
99400.00   0.4700  1
99450.01   0.4968  2
99500.00   0.6448  7
99550.00   0.6448  7
99600.00   0.4700  1
99650.00   0.5236  3
99700.00   0.5514  4
99750.00   0.5236  3
99800.01   0.4968  2
99850.00   0.6121  6
99900.00   0.6448  7
99950.00   0.6121  6
100000.00   0.6121  6
