50.00   0.7492 10
100.00   0.7869 11
150.00   0.7869 11
200.00   0.6776  8
250.00   0.8267 12
300.00   0.7869 11
350.00   0.7134  9
400.00   0.7134  9
450.00   0.8267 12
500.00   0.7492 10
550.00   0.7492 10
600.00   0.8267 12
650.00   0.8267 12
700.00   0.8267 12
750.00   0.6776  8
800.00   0.7492 10
850.00   0.8267 12
900.00   0.7134  9
950.00   0.6776  8
1000.00   0.8267 12
1050.01   0.7134  9
1100.00   0.7869 11
1150.00   0.8267 12
1200.00   0.7492 10
1250.00   0.6776  8
1300.00   0.7869 11
1350.00   0.7869 11
1400.00   0.7492 10
1450.00   0.8267 12
1500.00   0.6776  8
1550.00   0.7134  9
1600.00   0.7134  9
1650.00   0.7869 11
1700.00   0.7869 11
1750.00   0.8267 12
1800.00   0.8267 12
1850.00   0.7869 11
1900.00   0.7869 11
1950.00   0.7869 11
2000.00   0.8267 12
2050.00   0.7869 11
2100.00   0.7134  9
2150.00   0.7492 10
2200.00   0.7869 11
2250.00   0.7134  9
2300.00   0.8267 12
2350.00   0.8267 12
2400.00   0.8267 12
2450.00   0.8267 12
2500.00   0.7492 10
2550.00   0.7869 11
2600.00   0.6776  8
2650.00   0.7492 10
2700.00   0.7869 11
2750.00   0.7869 11
2800.00   0.6776  8
2850.00   0.8267 12
2900.00   0.7492 10
2950.00   0.7492 10
3000.00   0.7492 10
3050.00   0.7869 11
3100.00   0.7869 11
3150.00   0.8267 12
3200.00   0.7869 11
3250.00   0.7869 11
3300.00   0.8267 12
3350.00   0.7869 11
3400.00   0.7492 10
3450.00   0.7492 10
3500.00   0.7869 11
3550.00   0.7869 11
3600.00   0.8267 12
3650.00   0.8267 12
3700.00   0.7134  9
3750.00   0.7492 10
3800.00   0.7492 10
3850.00   0.7869 11
3900.00   0.8267 12
3950.00   0.8267 12
4000.00   0.8267 12
4050.00   0.7134  9
4100.00   0.8267 12
4150.00   0.7869 11
4200.00   0.7869 11
4250.00   0.7134  9
4300.00   0.7869 11
4350.00   0.7134  9
4400.00   0.7869 11
4450.00   0.7869 11
4500.00   0.7134  9
4550.00   0.7134  9
4600.00   0.8267 12
4650.00   0.7492 10
4700.00   0.7492 10
4750.00   0.7869 11
4800.00   0.7134  9
4850.00   0.8267 12
4900.00   0.7869 11
4950.00   0.7869 11
5000.00   0.7869 11
5050.00   0.7869 11
5100.00   0.8267 12
5150.00   0.8267 12
5200.00   0.7492 10
5250.00   0.7869 11
5300.00   0.7134  9
5350.00   0.6776  8
5400.00   0.6776  8
5450.00   0.7492 10
5500.00   0.7134  9
5550.00   0.7869 11
5600.00   0.8267 12
5650.00   0.8267 12
5700.00   0.6776  8
5750.00   0.6776  8
5800.00   0.7134  9
5850.00   0.8267 12
5900.00   0.6448  7
5950.00   0.7492 10
6000.00   0.7869 11
6050.00   0.8267 12
6100.00   0.7869 11
6150.00   0.7869 11
6200.00   0.7492 10
6250.00   0.8267 12
6300.00   0.7869 11
6350.00   0.7134  9
6400.00   0.7492 10
6450.00   0.6776  8
6500.00   0.7869 11
6550.00   0.7869 11
6600.00   0.8267 12
6650.00   0.7869 11
6700.00   0.7869 11
6750.00   0.7134  9
6800.00   0.8267 12
6850.00   0.7134  9
6900.00   0.7869 11
6950.00   0.7134  9
7000.00   0.7492 10
7050.00   0.6776  8
7100.00   0.8267 12
7150.00   0.7869 11
7200.00   0.7492 10
7250.00   0.7134  9
7300.00   0.7869 11
7350.00   0.7492 10
7400.00   0.6448  7
7450.00   0.7869 11
7500.00   0.8267 12
7550.00   0.7492 10
7600.00   0.7869 11
7650.00   0.7134  9
7700.00   0.7869 11
7750.00   0.7869 11
7800.00   0.7492 10
7850.00   0.7492 10
7900.00   0.6776  8
7950.00   0.8267 12
8000.00   0.7492 10
8050.00   0.8267 12
8100.00   0.8267 12
8150.00   0.7492 10
8200.00   0.7492 10
8250.00   0.7134  9
8300.00   0.7492 10
8350.00   0.7869 11
8400.00   0.7492 10
8450.00   0.7492 10
8500.00   0.7869 11
8550.00   0.7492 10
8600.00   0.7134  9
8650.00   0.7492 10
8700.00   0.7134  9
8750.00   0.8267 12
8800.00   0.7134  9
8850.00   0.6776  8
8900.00   0.7869 11
8950.00   0.8267 12
9000.01   0.7869 11
9050.00   0.7869 11
9100.00   0.7869 11
9150.00   0.7869 11
9200.00   0.8267 12
9250.00   0.7492 10
9300.00   0.8267 12
9350.00   0.8267 12
9400.00   0.7869 11
9450.00   0.8267 12
9500.00   0.7869 11
9550.00   0.7134  9
9600.00   0.6448  7
9650.00   0.7134  9
9700.00   0.6776  8
9750.00   0.6776  8
9800.00   0.6776  8
9850.00   0.7492 10
9900.00   0.6776  8
9950.00   0.7869 11
10000.00   0.7134  9
10050.00   0.8267 12
10100.00   0.7869 11
10150.00   0.7134  9
10200.00   0.8267 12
10250.00   0.7492 10
10300.00   0.7492 10
10350.00   0.7869 11
10400.00   0.7492 10
10450.00   0.8267 12
10500.00   0.7869 11
10550.00   0.8267 12
10600.00   0.8267 12
10650.00   0.7492 10
10700.00   0.7869 11
10750.00   0.7492 10
10800.00   0.7134  9
10850.00   0.7134  9
10900.00   0.8267 12
10950.00   0.7869 11
11000.00   0.8267 12
11050.00   0.7869 11
11100.00   0.8267 12
11150.00   0.7134  9
11200.00   0.7869 11
11250.00   0.8267 12
11300.00   0.8267 12
11350.00   0.7869 11
11400.00   0.7492 10
11450.00   0.7869 11
11500.00   0.7492 10
11550.00   0.7134  9
11600.00   0.7134  9
11650.00   0.6776  8
11700.00   0.7869 11
11750.00   0.8267 12
11800.00   0.8267 12
11850.01   0.7869 11
11900.00   0.8267 12
11950.00   0.7492 10
12000.00   0.7869 11
12050.00   0.7869 11
12100.00   0.7869 11
12150.00   0.8267 12
12200.00   0.8267 12
12250.00   0.7492 10
12300.00   0.7492 10
12350.00   0.8267 12
12400.00   0.7869 11
12450.00   0.6776  8
12500.00   0.8267 12
12550.00   0.8267 12
12600.00   0.8267 12
12650.00   0.7492 10
12700.00   0.7134  9
12750.00   0.7869 11
12800.00   0.7869 11
12850.00   0.8267 12
12900.00   0.7869 11
12950.00   0.8267 12
13000.00   0.8267 12
13050.00   0.8267 12
13100.00   0.7869 11
13150.00   0.8267 12
13200.00   0.7492 10
13250.00   0.7134  9
13300.00   0.8267 12
13350.00   0.7869 11
13400.00   0.8267 12
13450.00   0.6776  8
13500.00   0.7134  9
13550.00   0.8267 12
13600.00   0.7134  9
13650.00   0.7869 11
13700.00   0.6776  8
13750.00   0.7134  9
13800.00   0.7492 10
13850.00   0.7134  9
13900.00   0.7134  9
13950.00   0.8267 12
14000.00   0.8267 12
14050.00   0.7869 11
14100.00   0.7134  9
14150.00   0.6776  8
14200.00   0.7869 11
14250.00   0.7134  9
14300.00   0.7492 10
14350.00   0.7134  9
14400.00   0.7492 10
14450.00   0.7869 11
14500.00   0.6448  7
14550.00   0.7869 11
14600.00   0.8267 12
14650.00   0.7134  9
14700.00   0.7869 11
14750.00   0.8267 12
14800.00   0.7492 10
14850.00   0.7869 11
14900.00   0.8267 12
14950.00   0.7134  9
15000.00   0.7869 11
15050.00   0.6776  8
15100.00   0.7134  9
15150.00   0.7492 10
15200.00   0.7492 10
15250.00   0.7134  9
15300.00   0.7492 10
15350.00   0.8267 12
15400.00   0.7134  9
15450.00   0.7869 11
15500.00   0.7492 10
15550.00   0.6776  8
15600.00   0.7869 11
15650.00   0.7869 11
15700.00   0.7492 10
15750.00   0.7492 10
15800.00   0.7492 10
15850.00   0.8267 12
15900.00   0.7869 11
15950.01   0.7869 11
16000.00   0.7492 10
16050.00   0.7492 10
16100.00   0.8267 12
16150.00   0.7869 11
16200.00   0.7869 11
16250.00   0.7869 11
16300.00   0.7134  9
16350.00   0.6448  7
16400.00   0.7869 11
16450.00   0.7869 11
16500.00   0.7869 11
16550.00   0.7869 11
16600.00   0.7134  9
16650.00   0.7134  9
16700.00   0.7869 11
16750.00   0.8267 12
16800.00   0.7492 10
16850.00   0.7134  9
16900.00   0.7869 11
16950.00   0.7134  9
17000.00   0.7492 10
17050.00   0.7492 10
17100.00   0.7492 10
17150.00   0.7869 11
17200.00   0.7869 11
17250.00   0.7869 11
17300.00   0.7869 11
17350.00   0.7869 11
17400.00   0.7869 11
17450.00   0.8267 12
17500.00   0.7869 11
17550.00   0.6776  8
17600.00   0.8267 12
17650.00   0.7492 10
17700.00   0.6448  7
17750.00   0.6776  8
17800.00   0.7134  9
17850.00   0.8267 12
17900.00   0.7869 11
17950.00   0.8267 12
18000.00   0.7869 11
18050.00   0.7134  9
18100.00   0.8267 12
18150.00   0.7869 11
18200.00   0.8267 12
18250.00   0.7134  9
18300.00   0.7869 11
18350.00   0.8267 12
18400.00   0.7134  9
18450.00   0.6776  8
18500.00   0.7869 11
18550.00   0.8267 12
18600.00   0.7492 10
18650.00   0.6776  8
18700.00   0.7492 10
18750.00   0.7869 11
18800.00   0.7492 10
18850.00   0.7134  9
18900.00   0.8267 12
18950.00   0.7134  9
19000.00   0.7869 11
19050.00   0.7869 11
19100.00   0.7134  9
19150.00   0.7134  9
19200.00   0.7869 11
19250.00   0.7492 10
19300.00   0.8267 12
19350.00   0.7492 10
19400.00   0.7869 11
19450.00   0.8267 12
19500.00   0.6776  8
19550.00   0.7492 10
19600.00   0.8267 12
19650.00   0.7869 11
19700.00   0.7869 11
19750.00   0.8267 12
19800.00   0.8267 12
19850.00   0.8267 12
19900.00   0.7869 11
19950.00   0.8267 12
20000.00   0.7492 10
20050.00   0.8267 12
20100.00   0.8267 12
20150.00   0.8267 12
20200.00   0.7492 10
20250.00   0.7869 11
20300.00   0.7492 10
20350.00   0.7492 10
20400.00   0.7869 11
20450.00   0.7492 10
20500.00   0.7869 11
20550.00   0.8267 12
20600.00   0.7869 11
20650.00   0.8267 12
20700.00   0.7492 10
20750.00   0.8267 12
20800.00   0.8267 12
20850.00   0.8267 12
20900.00   0.7134  9
20950.00   0.7869 11
21000.00   0.8267 12
21050.00   0.7134  9
21100.00   0.7869 11
21150.00   0.7492 10
21200.00   0.8267 12
21250.00   0.8267 12
21300.00   0.7492 10
21350.00   0.7869 11
21400.00   0.7492 10
21450.00   0.7492 10
21500.00   0.7134  9
21550.00   0.7134  9
21600.00   0.7492 10
21650.00   0.7492 10
21700.00   0.7492 10
21750.00   0.6776  8
21800.00   0.7134  9
21850.00   0.6776  8
21900.00   0.7492 10
21950.00   0.8267 12
22000.00   0.7869 11
22050.00   0.7492 10
22100.00   0.7869 11
22150.00   0.7492 10
22200.00   0.7492 10
22250.00   0.7492 10
22300.00   0.7134  9
22350.00   0.7134  9
22400.00   0.8267 12
22450.00   0.8267 12
22500.00   0.8267 12
22550.00   0.8267 12
22600.00   0.7492 10
22650.00   0.7869 11
22700.00   0.7492 10
22750.00   0.7134  9
22800.00   0.8267 12
22850.00   0.7492 10
22900.00   0.7134  9
22950.00   0.8267 12
23000.00   0.7492 10
23050.00   0.8267 12
23100.00   0.7134  9
23150.00   0.7492 10
23200.00   0.8267 12
23250.00   0.7869 11
23300.00   0.7134  9
23350.00   0.7492 10
23400.00   0.7869 11
23450.00   0.7869 11
23500.00   0.7492 10
23550.00   0.7492 10
23600.00   0.7134  9
23650.00   0.7492 10
23700.00   0.6121  6
23750.00   0.6448  7
23800.00   0.7869 11
23850.00   0.8267 12
23900.00   0.7134  9
23950.00   0.7492 10
24000.00   0.7492 10
24050.00   0.8267 12
24100.00   0.8267 12
24150.00   0.7134  9
24200.00   0.7869 11
24250.00   0.8267 12
24300.00   0.7869 11
24350.00   0.7134  9
24400.00   0.7869 11
24450.00   0.7869 11
24500.00   0.7492 10
24550.00   0.7492 10
24600.00   0.7492 10
24650.00   0.8267 12
24700.00   0.7134  9
24750.00   0.7492 10
24800.00   0.7492 10
24850.00   0.7869 11
24900.00   0.7869 11
24950.00   0.8267 12
25000.00   0.7134  9
25050.00   0.6776  8
25100.00   0.7869 11
25150.00   0.7492 10
25200.00   0.7869 11
25250.00   0.8267 12
25300.00   0.7869 11
25350.00   0.8267 12
25400.00   0.7134  9
25450.00   0.8267 12
25500.00   0.7869 11
25550.00   0.7134  9
25600.00   0.7134  9
25650.00   0.7134  9
25700.00   0.8267 12
25750.00   0.7869 11
25800.00   0.7869 11
25850.00   0.8267 12
25900.00   0.8267 12
25950.00   0.8267 12
26000.00   0.7869 11
26050.00   0.7869 11
26100.00   0.7492 10
26150.00   0.7492 10
26200.00   0.7492 10
26250.00   0.7134  9
26300.00   0.6776  8
26350.00   0.8267 12
26400.00   0.7134  9
26450.00   0.7492 10
26500.00   0.8267 12
26550.00   0.8267 12
26600.00   0.7869 11
26650.00   0.7492 10
26700.00   0.7492 10
26750.00   0.7869 11
26800.00   0.7492 10
26850.00   0.7869 11
26900.00   0.7869 11
26950.00   0.7869 11
27000.00   0.7134  9
27050.00   0.7492 10
27100.00   0.7492 10
27150.00   0.7869 11
27200.00   0.8267 12
27250.00   0.7492 10
27300.00   0.7869 11
27350.00   0.7869 11
27400.00   0.8267 12
27450.00   0.6448  7
27500.00   0.7134  9
27550.00   0.7869 11
27600.00   0.7492 10
27650.00   0.6448  7
27700.00   0.7134  9
27750.00   0.7134  9
27800.00   0.8267 12
27850.00   0.7492 10
27900.00   0.8267 12
27950.00   0.7492 10
28000.00   0.7492 10
28050.00   0.7134  9
28100.00   0.7492 10
28150.00   0.7134  9
28200.00   0.8267 12
28250.00   0.7869 11
28300.00   0.7492 10
28350.00   0.7492 10
28400.00   0.7869 11
28450.00   0.6776  8
28500.00   0.7134  9
28550.00   0.8267 12
28600.00   0.7134  9
28650.00   0.6776  8
28700.00   0.7869 11
28750.00   0.7869 11
28800.00   0.7869 11
28850.00   0.7869 11
28900.00   0.7869 11
28950.00   0.7869 11
29000.00   0.7869 11
29050.00   0.7134  9
29100.00   0.7492 10
29150.00   0.7869 11
29200.00   0.7492 10
29250.00   0.7869 11
29300.00   0.7134  9
29350.00   0.7869 11
29400.00   0.7134  9
29450.00   0.7869 11
29500.00   0.8267 12
29550.00   0.7134  9
29600.00   0.8267 12
29650.00   0.8267 12
29700.00   0.7134  9
29750.00   0.7869 11
29800.00   0.7869 11
29850.00   0.7869 11
29900.00   0.7134  9
29950.00   0.7134  9
30000.01   0.7492 10
30050.00   0.7134  9
30100.00   0.7492 10
30150.00   0.7492 10
30200.00   0.7492 10
30250.00   0.6776  8
30300.01   0.7869 11
30350.00   0.7134  9
30400.00   0.8267 12
30450.00   0.7134  9
30500.00   0.7869 11
30550.00   0.7869 11
30600.00   0.7134  9
30650.00   0.7134  9
30700.00   0.7134  9
30750.00   0.7134  9
30800.00   0.7492 10
30850.00   0.7869 11
30900.00   0.7492 10
30950.00   0.7492 10
31000.00   0.7492 10
31050.00   0.8267 12
31100.00   0.7492 10
31150.00   0.6776  8
31200.00   0.7134  9
31250.00   0.7869 11
31300.00   0.7134  9
31350.00   0.7134  9
31400.00   0.7492 10
31450.00   0.8267 12
31500.00   0.7134  9
31550.00   0.8267 12
31600.00   0.7869 11
31650.00   0.7869 11
31700.00   0.7492 10
31750.00   0.8267 12
31800.00   0.7869 11
31850.00   0.7492 10
31900.00   0.7134  9
31950.00   0.7134  9
32000.00   0.8267 12
32050.00   0.7134  9
32100.00   0.7869 11
32150.00   0.7492 10
32200.00   0.8267 12
32250.00   0.7869 11
32300.00   0.7492 10
32350.00   0.8267 12
32400.00   0.7492 10
32450.00   0.7869 11
32500.00   0.7134  9
32550.00   0.7492 10
32600.00   0.7492 10
32650.00   0.6776  8
32700.00   0.8267 12
32750.00   0.7134  9
32800.00   0.7492 10
32850.00   0.7492 10
32900.00   0.7869 11
32950.00   0.7134  9
33000.00   0.7492 10
33050.00   0.7134  9
33100.00   0.7134  9
33150.00   0.7492 10
33200.00   0.7869 11
33250.00   0.7492 10
33300.00   0.7492 10
33350.00   0.7134  9
33400.00   0.7869 11
33450.00   0.7869 11
33500.01   0.7134  9
33550.00   0.7492 10
33600.00   0.7492 10
33650.00   0.7134  9
33700.00   0.7134  9
33750.00   0.8267 12
33800.00   0.8267 12
33850.00   0.7869 11
33900.00   0.7492 10
33950.00   0.8267 12
34000.00   0.8267 12
34050.00   0.7492 10
34100.00   0.8267 12
34150.00   0.8267 12
34200.00   0.7869 11
34250.00   0.7492 10
34300.00   0.7492 10
34350.01   0.7492 10
34400.00   0.7134  9
34450.00   0.7869 11
34500.00   0.7492 10
34550.01   0.6776  8
34600.00   0.8267 12
34650.00   0.7134  9
34700.00   0.7492 10
34750.00   0.8267 12
34800.00   0.7134  9
34850.00   0.7869 11
34900.00   0.7869 11
34950.00   0.7869 11
35000.00   0.7492 10
35050.00   0.7134  9
35100.00   0.7869 11
35150.00   0.7134  9
35200.00   0.8267 12
35250.00   0.7869 11
35300.00   0.7492 10
35350.01   0.7492 10
35400.00   0.7492 10
35450.00   0.8267 12
35500.00   0.8267 12
35550.00   0.7869 11
35600.00   0.8267 12
35650.00   0.8267 12
35700.00   0.7869 11
35750.00   0.7134  9
35800.00   0.8267 12
35850.00   0.7869 11
35900.00   0.8267 12
35950.00   0.8267 12
36000.00   0.7492 10
36050.00   0.7869 11
36100.00   0.7134  9
36150.00   0.8267 12
36200.00   0.7869 11
36250.00   0.8267 12
36300.00   0.7492 10
36350.00   0.7492 10
36400.00   0.7869 11
36450.00   0.7134  9
36500.00   0.8267 12
36550.00   0.7134  9
36600.00   0.7869 11
36650.00   0.7869 11
36700.00   0.7134  9
36750.00   0.7134  9
36800.00   0.7134  9
36850.00   0.7492 10
36900.00   0.7134  9
36950.00   0.7869 11
37000.00   0.7869 11
37050.00   0.7492 10
37100.00   0.8267 12
37150.00   0.7492 10
37200.00   0.8267 12
37250.00   0.7869 11
37300.00   0.8267 12
37350.00   0.7869 11
37400.00   0.7869 11
37450.00   0.8267 12
37500.00   0.7134  9
37550.00   0.7869 11
37600.00   0.8267 12
37650.00   0.7134  9
37700.00   0.7869 11
37750.00   0.7134  9
37800.00   0.7492 10
37850.00   0.8267 12
37900.00   0.7134  9
37950.00   0.7492 10
38000.00   0.7492 10
38050.00   0.6448  7
38100.00   0.8267 12
38150.00   0.7134  9
38200.00   0.8267 12
38250.00   0.5813  5
38300.00   0.7492 10
38350.00   0.7492 10
38400.00   0.7134  9
38450.00   0.7492 10
38500.00   0.7134  9
38550.00   0.8267 12
38600.00   0.7869 11
38650.00   0.7869 11
38700.00   0.8267 12
38750.00   0.7134  9
38800.00   0.7869 11
38850.00   0.7492 10
38900.00   0.8267 12
38950.00   0.6776  8
39000.00   0.7869 11
39050.00   0.7869 11
39100.00   0.7134  9
39150.00   0.7492 10
39200.00   0.6776  8
39250.00   0.8267 12
39300.00   0.6776  8
39350.00   0.8267 12
39400.00   0.8267 12
39450.00   0.7869 11
39500.00   0.7134  9
39550.00   0.7869 11
39600.00   0.7869 11
39650.00   0.7492 10
39700.00   0.7492 10
39750.00   0.7869 11
39800.00   0.7869 11
39850.00   0.6776  8
39900.00   0.7492 10
39950.00   0.8267 12
40000.00   0.8267 12
40050.00   0.7492 10
40100.00   0.6776  8
40150.00   0.8267 12
40200.00   0.7492 10
40250.00   0.8267 12
40300.00   0.7869 11
40350.00   0.8267 12
40400.00   0.8267 12
40450.00   0.7492 10
40500.01   0.7869 11
40550.00   0.7869 11
40600.00   0.6776  8
40650.00   0.7869 11
40700.00   0.7492 10
40750.00   0.7134  9
40800.00   0.8267 12
40850.00   0.7869 11
40900.00   0.7492 10
40950.00   0.7869 11
41000.00   0.7134  9
41050.00   0.7492 10
41100.00   0.8267 12
41150.00   0.7492 10
41200.00   0.7492 10
41250.00   0.7134  9
41300.00   0.7134  9
41350.00   0.7869 11
41400.00   0.8267 12
41450.00   0.7134  9
41500.00   0.7134  9
41550.00   0.8267 12
41600.00   0.7869 11
41650.00   0.6448  7
41700.00   0.8267 12
41750.00   0.7134  9
41800.00   0.6776  8
41850.00   0.7869 11
41900.00   0.8267 12
41950.00   0.7869 11
42000.00   0.6776  8
42050.00   0.8267 12
42100.00   0.8267 12
42150.00   0.7134  9
42200.00   0.7869 11
42250.00   0.7492 10
42300.00   0.7869 11
42350.00   0.7492 10
42400.00   0.8267 12
42450.00   0.7869 11
42500.00   0.8267 12
42550.00   0.8267 12
42600.00   0.7492 10
42650.00   0.7134  9
42700.00   0.8267 12
42750.00   0.6776  8
42800.00   0.7492 10
42850.00   0.8267 12
42900.00   0.7869 11
42950.00   0.8267 12
43000.00   0.7869 11
43050.00   0.7869 11
43100.00   0.7492 10
43150.00   0.8267 12
43200.00   0.8267 12
43250.00   0.7492 10
43300.00   0.8267 12
43350.00   0.7134  9
43400.00   0.7492 10
43450.00   0.7492 10
43500.00   0.6776  8
43550.00   0.6776  8
43600.00   0.7869 11
43650.00   0.7492 10
43700.00   0.8267 12
43750.00   0.7869 11
43800.00   0.8267 12
43850.00   0.7869 11
43900.00   0.8267 12
43950.00   0.7869 11
44000.00   0.7869 11
44050.00   0.7869 11
44100.00   0.8267 12
44150.00   0.8267 12
44200.00   0.8267 12
44250.00   0.7492 10
44300.00   0.6776  8
44350.00   0.8267 12
44400.00   0.8267 12
44450.00   0.7492 10
44500.00   0.7869 11
44550.00   0.7869 11
44600.00   0.7869 11
44650.00   0.8267 12
44700.00   0.7869 11
44750.00   0.7869 11
44800.00   0.8267 12
44850.00   0.8267 12
44900.00   0.7869 11
44950.00   0.7134  9
45000.00   0.7492 10
45050.00   0.7492 10
45100.00   0.7869 11
45150.00   0.7869 11
45200.00   0.7869 11
45250.00   0.7869 11
45300.00   0.7134  9
45350.00   0.7869 11
45400.00   0.7492 10
45450.00   0.7134  9
45500.00   0.8267 12
45550.00   0.7492 10
45600.00   0.7134  9
45650.00   0.7492 10
45700.00   0.7869 11
45750.00   0.7134  9
45800.00   0.8267 12
45850.00   0.6776  8
45900.00   0.8267 12
45950.00   0.8267 12
46000.00   0.7492 10
46050.00   0.7492 10
46100.00   0.7869 11
46150.00   0.7134  9
46200.00   0.7869 11
46250.00   0.6776  8
46300.00   0.6448  7
46350.00   0.8267 12
46400.00   0.6776  8
46450.00   0.8267 12
46500.00   0.7869 11
46550.00   0.8267 12
46600.00   0.7869 11
46650.00   0.8267 12
46700.00   0.7869 11
46750.00   0.8267 12
46800.00   0.7492 10
46850.00   0.7492 10
46900.00   0.8267 12
46950.00   0.7134  9
47000.00   0.8267 12
47050.00   0.8267 12
47100.00   0.7492 10
47150.00   0.8267 12
47200.00   0.8267 12
47250.00   0.8267 12
47300.00   0.7869 11
47350.00   0.7869 11
47400.00   0.7492 10
47450.00   0.8267 12
47500.00   0.7869 11
47550.00   0.8267 12
47600.00   0.7134  9
47650.00   0.7134  9
47700.00   0.8267 12
47750.00   0.8267 12
47800.00   0.8267 12
47850.00   0.8267 12
47900.00   0.7134  9
47950.00   0.8267 12
48000.00   0.7492 10
48050.00   0.7492 10
48100.00   0.7492 10
48150.00   0.7492 10
48200.00   0.7869 11
48250.00   0.7492 10
48300.01   0.7869 11
48350.00   0.7869 11
48400.00   0.7869 11
48450.00   0.7869 11
48500.00   0.7869 11
48550.00   0.7134  9
48600.00   0.7492 10
48650.00   0.8267 12
48700.01   0.7492 10
48750.00   0.7869 11
48800.01   0.7492 10
48850.00   0.8267 12
48900.00   0.7492 10
48950.00   0.7492 10
49000.00   0.7869 11
49050.00   0.7492 10
49100.00   0.8267 12
49150.00   0.7492 10
49200.00   0.7134  9
49250.00   0.7492 10
49300.00   0.8267 12
49350.00   0.7134  9
49400.00   0.8267 12
49450.00   0.7492 10
49500.00   0.8267 12
49550.00   0.7492 10
49600.00   0.7869 11
49650.00   0.7869 11
49700.00   0.7869 11
49750.00   0.7492 10
49800.00   0.7492 10
49850.00   0.6776  8
49900.00   0.7492 10
49950.00   0.7492 10
50000.00   0.8267 12
50050.00   0.8267 12
50100.00   0.8267 12
50150.00   0.7869 11
50200.00   0.7134  9
50250.00   0.8267 12
50300.00   0.8267 12
50350.00   0.8267 12
50400.00   0.8267 12
50450.00   0.8267 12
50500.00   0.7134  9
50550.00   0.8267 12
50600.00   0.7134  9
50650.00   0.8267 12
50700.00   0.7869 11
50750.00   0.6776  8
50800.00   0.8267 12
50850.00   0.7869 11
50900.00   0.8267 12
50950.00   0.7869 11
51000.00   0.7492 10
51050.00   0.7869 11
51100.00   0.7134  9
51150.00   0.7492 10
51200.00   0.7492 10
51250.00   0.7492 10
51300.00   0.7869 11
51350.00   0.7492 10
51400.00   0.7869 11
51450.00   0.7869 11
51500.00   0.7134  9
51550.00   0.7492 10
51600.00   0.8267 12
51650.00   0.7492 10
51700.00   0.7492 10
51750.00   0.7492 10
51800.00   0.7492 10
51850.00   0.7869 11
51900.00   0.8267 12
51950.00   0.8267 12
52000.00   0.8267 12
52050.00   0.7869 11
52100.00   0.7869 11
52150.00   0.8267 12
52200.00   0.7869 11
52250.00   0.8267 12
52300.00   0.7869 11
52350.00   0.7134  9
52400.00   0.8267 12
52450.00   0.8267 12
52500.00   0.7492 10
52550.00   0.7869 11
52600.01   0.7492 10
52650.00   0.8267 12
52700.00   0.7869 11
52750.00   0.7492 10
52800.00   0.7492 10
52850.00   0.8267 12
52900.00   0.8267 12
52950.00   0.7492 10
53000.00   0.7492 10
53050.00   0.7869 11
53100.00   0.7492 10
53150.00   0.7134  9
53200.00   0.8267 12
53250.00   0.8267 12
53300.00   0.7492 10
53350.00   0.7492 10
53400.00   0.8267 12
53450.00   0.7492 10
53500.00   0.7492 10
53550.00   0.7869 11
53600.00   0.7492 10
53650.00   0.8267 12
53700.00   0.8267 12
53750.00   0.7869 11
53800.00   0.7492 10
53850.00   0.6776  8
53900.00   0.7869 11
53950.00   0.7869 11
54000.00   0.7492 10
54050.00   0.8267 12
54100.00   0.7134  9
54150.00   0.7869 11
54200.00   0.7869 11
54250.00   0.7492 10
54300.00   0.8267 12
54350.00   0.7869 11
54400.00   0.7869 11
54450.00   0.6776  8
54500.00   0.8267 12
54550.00   0.7869 11
54600.00   0.7492 10
54650.00   0.7869 11
54700.00   0.8267 12
54750.00   0.7492 10
54800.00   0.6776  8
54850.00   0.7492 10
54900.00   0.7492 10
54950.00   0.7492 10
55000.01   0.7869 11
55050.00   0.7134  9
55100.00   0.7869 11
55150.00   0.8267 12
55200.00   0.6448  7
55250.00   0.8267 12
55300.00   0.7492 10
55350.00   0.7492 10
55400.00   0.7134  9
55450.00   0.7492 10
55500.00   0.7492 10
55550.00   0.7492 10
55600.00   0.7869 11
55650.00   0.7869 11
55700.00   0.8267 12
55750.00   0.7869 11
55800.00   0.6776  8
55850.00   0.8267 12
55900.00   0.7492 10
55950.00   0.7492 10
56000.00   0.6776  8
56050.00   0.7492 10
56100.01   0.7492 10
56150.00   0.6776  8
56200.00   0.7134  9
56250.00   0.7869 11
56300.00   0.7134  9
56350.00   0.7134  9
56400.00   0.6776  8
56450.00   0.7134  9
56500.00   0.7492 10
56550.00   0.7492 10
56600.00   0.8267 12
56650.00   0.8267 12
56700.00   0.6776  8
56750.00   0.7869 11
56800.00   0.8267 12
56850.00   0.6776  8
56900.00   0.7492 10
56950.00   0.7492 10
57000.00   0.7869 11
57050.00   0.6776  8
57100.00   0.7134  9
57150.00   0.7869 11
57200.00   0.8267 12
57250.00   0.6448  7
57300.00   0.7492 10
57350.00   0.7492 10
57400.00   0.7492 10
57450.00   0.7134  9
57500.00   0.7869 11
57550.00   0.7869 11
57600.00   0.7492 10
57650.00   0.8267 12
57700.00   0.7869 11
57750.00   0.6776  8
57800.00   0.6776  8
57850.00   0.8267 12
57900.00   0.7492 10
57950.00   0.7869 11
58000.00   0.6776  8
58050.00   0.6776  8
58100.00   0.6776  8
58150.00   0.8267 12
58200.00   0.8267 12
58250.00   0.6448  7
58300.00   0.6776  8
58350.00   0.7134  9
58400.00   0.7134  9
58450.00   0.6776  8
58500.00   0.7492 10
58550.00   0.6776  8
58600.00   0.6776  8
58650.00   0.8267 12
58700.00   0.6776  8
58750.00   0.6448  7
58800.00   0.7492 10
58850.00   0.7492 10
58900.00   0.6448  7
58950.00   0.6776  8
59000.00   0.7134  9
59050.00   0.7492 10
59100.00   0.7134  9
59150.00   0.7134  9
59200.00   0.7492 10
59250.00   0.8267 12
59300.00   0.7134  9
59350.00   0.7492 10
59400.00   0.8267 12
59450.00   0.7869 11
59500.00   0.7492 10
59550.00   0.7134  9
59600.00   0.7492 10
59650.00   0.7869 11
59700.00   0.7134  9
59750.00   0.8267 12
59800.00   0.7134  9
59850.00   0.7492 10
59900.00   0.7869 11
59950.00   0.7869 11
60000.00   0.8267 12
60050.00   0.7134  9
60100.00   0.7492 10
60150.00   0.7869 11
60200.00   0.6776  8
60250.00   0.7134  9
60300.00   0.8267 12
60350.00   0.7134  9
60400.00   0.7492 10
60450.00   0.7492 10
60500.00   0.7134  9
60550.00   0.7869 11
60600.00   0.8267 12
60650.00   0.7134  9
60700.00   0.7492 10
60750.00   0.6448  7
60800.00   0.7492 10
60850.00   0.7492 10
60900.00   0.8267 12
60950.00   0.7869 11
61000.00   0.7869 11
61050.00   0.6776  8
61100.00   0.8267 12
61150.00   0.6776  8
61200.00   0.7869 11
61250.00   0.7134  9
61300.00   0.7134  9
61350.00   0.7134  9
61400.00   0.7492 10
61450.00   0.6448  7
61500.00   0.7134  9
61550.00   0.7869 11
61600.00   0.7492 10
61650.00   0.7134  9
61700.00   0.7492 10
61750.00   0.7492 10
61800.00   0.7134  9
61850.00   0.7492 10
61900.00   0.7869 11
61950.00   0.7134  9
62000.00   0.7869 11
62050.00   0.7492 10
62100.00   0.7492 10
62150.00   0.6776  8
62200.00   0.7492 10
62250.00   0.7492 10
62300.00   0.6776  8
62350.00   0.7134  9
62400.00   0.7869 11
62450.00   0.8267 12
62500.00   0.7134  9
62550.00   0.7492 10
62600.00   0.7869 11
62650.00   0.8267 12
62700.00   0.7492 10
62750.00   0.7134  9
62800.00   0.7492 10
62850.00   0.7134  9
62900.00   0.7134  9
62950.01   0.7869 11
63000.00   0.8267 12
63050.00   0.7134  9
63100.00   0.8267 12
63150.00   0.7134  9
63200.00   0.8267 12
63250.00   0.7869 11
63300.00   0.7869 11
63350.00   0.8267 12
63400.00   0.6776  8
63450.00   0.6776  8
63500.00   0.7134  9
63550.00   0.7134  9
63600.00   0.7134  9
63650.00   0.6776  8
63700.00   0.7869 11
63750.00   0.7492 10
63800.00   0.7134  9
63850.00   0.7869 11
63900.00   0.6776  8
63950.00   0.7492 10
64000.00   0.8267 12
64050.00   0.8267 12
64100.00   0.7492 10
64150.00   0.7492 10
64200.00   0.7869 11
64250.00   0.6776  8
64300.00   0.6776  8
64350.00   0.8267 12
64400.00   0.6776  8
64450.00   0.7492 10
64500.00   0.7492 10
64550.00   0.8267 12
64600.00   0.7492 10
64650.00   0.7869 11
64700.00   0.8267 12
64750.00   0.8267 12
64800.00   0.7492 10
64850.00   0.7492 10
64900.00   0.7869 11
64950.00   0.7134  9
65000.00   0.7492 10
65050.00   0.8267 12
65100.00   0.7492 10
65150.00   0.8267 12
65200.00   0.7869 11
65250.00   0.7869 11
65300.00   0.7492 10
65350.00   0.7134  9
65400.00   0.7869 11
65450.00   0.6448  7
65500.00   0.8267 12
65550.00   0.7492 10
65600.00   0.7134  9
65650.00   0.7134  9
65700.00   0.7869 11
65750.00   0.7869 11
65800.00   0.6776  8
65850.00   0.6776  8
65900.00   0.7869 11
65950.00   0.8267 12
66000.00   0.7134  9
66050.00   0.6121  6
66100.00   0.7134  9
66150.00   0.8267 12
66200.00   0.7492 10
66250.00   0.6776  8
66300.00   0.7134  9
66350.00   0.7492 10
66400.00   0.7134  9
66450.00   0.8267 12
66500.00   0.7492 10
66550.00   0.8267 12
66600.00   0.8267 12
66650.00   0.8267 12
66700.00   0.8267 12
66750.00   0.6776  8
66800.00   0.7869 11
66850.00   0.6776  8
66900.00   0.7492 10
66950.00   0.7869 11
67000.00   0.7869 11
67050.00   0.7134  9
67100.00   0.8267 12
67150.00   0.7134  9
67200.00   0.7869 11
67250.00   0.8267 12
67300.00   0.7492 10
67350.00   0.8267 12
67400.00   0.7492 10
67450.00   0.7134  9
67500.00   0.8267 12
67550.00   0.8267 12
67600.00   0.7869 11
67650.00   0.7134  9
67700.00   0.7869 11
67750.00   0.6776  8
67800.00   0.7492 10
67850.00   0.7134  9
67900.00   0.7492 10
67950.00   0.6776  8
68000.00   0.8267 12
68050.00   0.7134  9
68100.00   0.7492 10
68150.00   0.7134  9
68200.00   0.7869 11
68250.00   0.7134  9
68300.00   0.7134  9
68350.00   0.7869 11
68400.00   0.7492 10
68450.00   0.7492 10
68500.00   0.7869 11
68550.00   0.6776  8
68600.00   0.7492 10
68650.00   0.7492 10
68700.00   0.6121  6
68750.00   0.7134  9
68800.00   0.7492 10
68850.00   0.6776  8
68900.00   0.7134  9
68950.00   0.8267 12
69000.00   0.7134  9
69050.00   0.7869 11
69100.00   0.7492 10
69150.00   0.7134  9
69200.00   0.8267 12
69250.00   0.7869 11
69300.00   0.7134  9
69350.00   0.7134  9
69400.00   0.7134  9
69450.00   0.6448  7
69500.00   0.6776  8
69550.00   0.7134  9
69600.00   0.7134  9
69650.00   0.7869 11
69700.00   0.6776  8
69750.00   0.7869 11
69800.00   0.7869 11
69850.01   0.7134  9
69900.00   0.6776  8
69950.00   0.8267 12
70000.00   0.7134  9
70050.00   0.6776  8
70100.00   0.7869 11
70150.00   0.7869 11
70200.00   0.7869 11
70250.00   0.7492 10
70300.00   0.6776  8
70350.00   0.6776  8
70400.00   0.8267 12
70450.00   0.7869 11
70500.00   0.6776  8
70550.00   0.7134  9
70600.00   0.7869 11
70650.00   0.7134  9
70700.00   0.6448  7
70750.00   0.6776  8
70800.00   0.7134  9
70850.00   0.6776  8
70900.00   0.7492 10
70950.00   0.7134  9
71000.00   0.6776  8
71050.00   0.7492 10
71100.00   0.7492 10
71150.00   0.8267 12
71200.00   0.7492 10
71250.00   0.7869 11
71300.00   0.6776  8
71350.00   0.7492 10
71400.00   0.8267 12
71450.00   0.7869 11
71500.00   0.7869 11
71550.00   0.8267 12
71600.00   0.6776  8
71650.00   0.7869 11
71700.00   0.8267 12
71750.00   0.6776  8
71800.00   0.6776  8
71850.00   0.7492 10
71900.00   0.7134  9
71950.00   0.7869 11
72000.00   0.8267 12
72050.00   0.7134  9
72100.00   0.6448  7
72150.00   0.8267 12
72200.00   0.8267 12
72250.00   0.7869 11
72300.00   0.7869 11
72350.00   0.6448  7
72400.00   0.8267 12
72450.00   0.7492 10
72500.00   0.8267 12
72550.00   0.8267 12
72600.00   0.6776  8
72650.00   0.7492 10
72700.00   0.6448  7
72750.00   0.7492 10
72800.00   0.7869 11
72850.00   0.6776  8
72900.00   0.8267 12
72950.00   0.7134  9
73000.00   0.7869 11
73050.00   0.7492 10
73100.00   0.8267 12
73150.00   0.7869 11
73200.00   0.7134  9
73250.00   0.7492 10
73300.00   0.7134  9
73350.00   0.7869 11
73400.00   0.6776  8
73450.00   0.8267 12
73500.00   0.6776  8
73550.00   0.6448  7
73600.00   0.8267 12
73650.00   0.7869 11
73700.00   0.7134  9
73750.01   0.6776  8
73800.00   0.7869 11
73850.00   0.7869 11
73900.00   0.7492 10
73950.00   0.7492 10
74000.00   0.7134  9
74050.00   0.7134  9
74100.00   0.8267 12
74150.00   0.6776  8
74200.00   0.7492 10
74250.00   0.6448  7
74300.00   0.8267 12
74350.00   0.8267 12
74400.00   0.6776  8
74450.00   0.8267 12
74500.00   0.7492 10
74550.00   0.7869 11
74600.00   0.7869 11
74650.00   0.6776  8
74700.00   0.8267 12
74750.00   0.7492 10
74800.00   0.7492 10
74850.00   0.7869 11
74900.00   0.7492 10
74950.00   0.7134  9
75000.00   0.6776  8
75050.00   0.7869 11
75100.00   0.6121  6
75150.00   0.6776  8
75200.00   0.6776  8
75250.00   0.8267 12
75300.00   0.7492 10
75350.00   0.7492 10
75400.00   0.7492 10
75450.00   0.7492 10
75500.00   0.7134  9
75550.00   0.7869 11
75600.00   0.7492 10
75650.00   0.7869 11
75700.00   0.7869 11
75750.00   0.8267 12
75800.00   0.7869 11
75850.00   0.7869 11
75900.00   0.7134  9
75950.00   0.7869 11
76000.00   0.7134  9
76050.00   0.7492 10
76100.00   0.7134  9
76150.00   0.8267 12
76200.00   0.6776  8
76250.00   0.7134  9
76300.00   0.8267 12
76350.00   0.7869 11
76400.00   0.7134  9
76450.00   0.7134  9
76500.00   0.7869 11
76550.00   0.7869 11
76600.00   0.7134  9
76650.00   0.8267 12
76700.00   0.7492 10
76750.00   0.7492 10
76800.00   0.6776  8
76850.01   0.8267 12
76900.00   0.8267 12
76950.00   0.6776  8
77000.00   0.7869 11
77050.00   0.7134  9
77100.00   0.7492 10
77150.00   0.6448  7
77200.00   0.7492 10
77250.00   0.7869 11
77300.00   0.7869 11
77350.00   0.6776  8
77400.00   0.7869 11
77450.00   0.8267 12
77500.00   0.8267 12
77550.00   0.7492 10
77600.00   0.6776  8
77650.00   0.7134  9
77700.00   0.6448  7
77750.00   0.7492 10
77800.00   0.8267 12
77850.00   0.7492 10
77900.00   0.6776  8
77950.00   0.8267 12
78000.00   0.7492 10
78050.00   0.6776  8
78100.00   0.8267 12
78150.00   0.7134  9
78200.00   0.7134  9
78250.00   0.7134  9
78300.00   0.8267 12
78350.00   0.7869 11
78400.00   0.7134  9
78450.00   0.7869 11
78500.00   0.8267 12
78550.00   0.8267 12
78600.01   0.7869 11
78650.00   0.7492 10
78700.00   0.8267 12
78750.00   0.8267 12
78800.00   0.8267 12
78850.00   0.6776  8
78900.00   0.7134  9
78950.00   0.8267 12
79000.00   0.7134  9
79050.00   0.8267 12
79100.00   0.6776  8
79150.00   0.7492 10
79200.00   0.6776  8
79250.00   0.7869 11
79300.00   0.8267 12
79350.00   0.6776  8
79400.00   0.7869 11
79450.00   0.8267 12
79500.00   0.7869 11
79550.01   0.7869 11
79600.00   0.7134  9
79650.00   0.7492 10
79700.00   0.8267 12
79750.00   0.8267 12
79800.00   0.8267 12
79850.00   0.7134  9
79900.00   0.8267 12
79950.00   0.7134  9
80000.00   0.7134  9
80050.00   0.7869 11
80100.00   0.7869 11
80150.00   0.7492 10
80200.00   0.6776  8
80250.00   0.7134  9
80300.00   0.7869 11
80350.00   0.6776  8
80400.00   0.6776  8
80450.00   0.7492 10
80500.00   0.7869 11
80550.00   0.7492 10
80600.00   0.6776  8
80650.00   0.7869 11
80700.00   0.6776  8
80750.00   0.7134  9
80800.00   0.6776  8
80850.00   0.7492 10
80900.00   0.7869 11
80950.00   0.8267 12
81000.00   0.8267 12
81050.00   0.6776  8
81100.00   0.8267 12
81150.00   0.6776  8
81200.00   0.7869 11
81250.00   0.8267 12
81300.00   0.7869 11
81350.00   0.6448  7
81400.00   0.6776  8
81450.00   0.8267 12
81500.00   0.7869 11
81550.00   0.6776  8
81600.00   0.7869 11
81650.00   0.8267 12
81700.00   0.7869 11
81750.00   0.7492 10
81800.00   0.7492 10
81850.00   0.8267 12
81900.00   0.7134  9
81950.00   0.6776  8
82000.00   0.8267 12
82050.00   0.7134  9
82100.00   0.7134  9
82150.00   0.6776  8
82200.00   0.6776  8
82250.00   0.7134  9
82300.00   0.8267 12
82350.00   0.7134  9
82400.00   0.7869 11
82450.00   0.7492 10
82500.00   0.7869 11
82550.00   0.7134  9
82600.00   0.7134  9
82650.00   0.7492 10
82700.00   0.6448  7
82750.00   0.7134  9
82800.00   0.6776  8
82850.00   0.8267 12
82900.00   0.7492 10
82950.00   0.7134  9
83000.00   0.7869 11
83050.00   0.6776  8
83100.00   0.6776  8
83150.00   0.7492 10
83200.00   0.7492 10
83250.00   0.8267 12
83300.00   0.6776  8
83350.00   0.6776  8
83400.00   0.6776  8
83450.00   0.7134  9
83500.00   0.6776  8
83550.00   0.7869 11
83600.00   0.7869 11
83650.00   0.7869 11
83700.00   0.8267 12
83750.00   0.8267 12
83800.00   0.7869 11
83850.00   0.7134  9
83900.00   0.8267 12
83950.00   0.8267 12
84000.00   0.7134  9
84050.00   0.8267 12
84100.00   0.8267 12
84150.00   0.7492 10
84200.00   0.6776  8
84250.00   0.8267 12
84300.00   0.6776  8
84350.00   0.8267 12
84400.00   0.8267 12
84450.00   0.7492 10
84500.00   0.8267 12
84550.00   0.6448  7
84600.00   0.7492 10
84650.00   0.7134  9
84700.00   0.8267 12
84750.00   0.6448  7
84800.00   0.7134  9
84850.00   0.7134  9
84900.00   0.8267 12
84950.00   0.7134  9
85000.00   0.7134  9
85050.00   0.7134  9
85100.00   0.6448  7
85150.00   0.7134  9
85200.00   0.7492 10
85250.00   0.7869 11
85300.00   0.8267 12
85350.00   0.7134  9
85400.00   0.7492 10
85450.00   0.7492 10
85500.00   0.7492 10
85550.00   0.7869 11
85600.00   0.7869 11
85650.00   0.6776  8
85700.00   0.7134  9
85750.00   0.7492 10
85800.00   0.8267 12
85850.00   0.8267 12
85900.00   0.7492 10
85950.00   0.6776  8
86000.00   0.7492 10
86050.00   0.7492 10
86100.00   0.7134  9
86150.00   0.7869 11
86200.00   0.8267 12
86250.00   0.6776  8
86300.00   0.8267 12
86350.00   0.7869 11
86400.00   0.8267 12
86450.00   0.8267 12
86500.00   0.6776  8
86550.00   0.7492 10
86600.00   0.7869 11
86650.00   0.8267 12
86700.00   0.8267 12
86750.00   0.7869 11
86800.00   0.6776  8
86850.00   0.7492 10
86900.00   0.7492 10
86950.00   0.7869 11
87000.00   0.7134  9
87050.00   0.7492 10
87100.00   0.7492 10
87150.00   0.7492 10
87200.00   0.7134  9
87250.00   0.8267 12
87300.00   0.7869 11
87350.00   0.8267 12
87400.00   0.8267 12
87450.00   0.7492 10
87500.00   0.7869 11
87550.00   0.7492 10
87600.00   0.8267 12
87650.00   0.6776  8
87700.00   0.7492 10
87750.00   0.7869 11
87800.00   0.8267 12
87850.00   0.7492 10
87900.00   0.7134  9
87950.01   0.8267 12
88000.00   0.7134  9
88050.00   0.7492 10
88100.00   0.7869 11
88150.00   0.8267 12
88200.00   0.8267 12
88250.00   0.7869 11
88300.00   0.7492 10
88350.00   0.7134  9
88400.00   0.7134  9
88450.00   0.6776  8
88500.01   0.8267 12
88550.00   0.7869 11
88600.00   0.7869 11
88650.00   0.7492 10
88700.00   0.7492 10
88750.00   0.8267 12
88800.00   0.8267 12
88850.00   0.7492 10
88900.00   0.7869 11
88950.00   0.7869 11
89000.00   0.7869 11
89050.00   0.7134  9
89100.00   0.7134  9
89150.00   0.6448  7
89200.00   0.7492 10
89250.00   0.7492 10
89300.00   0.7134  9
89350.01   0.7869 11
89400.00   0.7134  9
89450.00   0.7492 10
89500.00   0.8267 12
89550.00   0.8267 12
89600.00   0.7134  9
89650.00   0.6776  8
89700.00   0.7492 10
89750.00   0.6776  8
89800.00   0.7492 10
89850.00   0.6776  8
89900.00   0.6776  8
89950.00   0.6776  8
90000.00   0.7134  9
90050.00   0.7869 11
90100.00   0.7492 10
90150.00   0.8267 12
90200.00   0.6776  8
90250.00   0.7492 10
90300.00   0.7492 10
90350.00   0.8267 12
90400.00   0.8267 12
90450.00   0.8267 12
90500.00   0.7869 11
90550.00   0.7869 11
90600.00   0.8267 12
90650.00   0.7869 11
90700.00   0.8267 12
90750.00   0.8267 12
90800.00   0.7134  9
90850.00   0.7492 10
90900.00   0.6776  8
90950.00   0.7134  9
91000.00   0.6776  8
91050.00   0.8267 12
91100.00   0.8267 12
91150.00   0.8267 12
91200.00   0.7869 11
91250.00   0.7869 11
91300.00   0.7492 10
91350.00   0.7869 11
91400.00   0.6776  8
91450.00   0.8267 12
91500.00   0.8267 12
91550.00   0.7492 10
91600.00   0.7134  9
91650.00   0.7492 10
91700.00   0.7134  9
91750.00   0.8267 12
91800.00   0.8267 12
91850.00   0.7869 11
91900.00   0.7492 10
91950.00   0.7492 10
92000.00   0.8267 12
92050.00   0.7492 10
92100.00   0.6776  8
92150.00   0.7492 10
92200.00   0.7134  9
92250.00   0.6776  8
92300.00   0.8267 12
92350.00   0.7134  9
92400.00   0.7134  9
92450.00   0.7492 10
92500.00   0.7134  9
92550.00   0.7869 11
92600.00   0.7869 11
92650.00   0.6776  8
92700.00   0.7492 10
92750.00   0.7869 11
92800.00   0.6776  8
92850.00   0.6776  8
92900.00   0.7134  9
92950.00   0.7492 10
93000.00   0.7492 10
93050.00   0.6776  8
93100.00   0.7869 11
93150.00   0.8267 12
93200.00   0.7134  9
93250.00   0.7869 11
93300.00   0.6776  8
93350.00   0.8267 12
93400.00   0.7134  9
93450.00   0.6776  8
93500.00   0.8267 12
93550.00   0.6776  8
93600.00   0.7492 10
93650.00   0.7492 10
93700.00   0.8267 12
93750.00   0.7492 10
93800.00   0.8267 12
93850.00   0.8267 12
93900.00   0.7134  9
93950.00   0.6776  8
94000.00   0.8267 12
94050.00   0.7134  9
94100.00   0.6776  8
94150.00   0.6776  8
94200.00   0.6448  7
94250.00   0.8267 12
94300.00   0.6448  7
94350.00   0.7869 11
94400.00   0.6776  8
94450.00   0.8267 12
94500.00   0.8267 12
94550.00   0.7869 11
94600.00   0.7869 11
94650.00   0.7492 10
94700.00   0.8267 12
94750.00   0.7134  9
94800.00   0.6776  8
94850.00   0.7492 10
94900.00   0.7492 10
94950.00   0.7492 10
95000.00   0.7869 11
95050.00   0.8267 12
95100.00   0.7134  9
95150.00   0.7869 11
95200.00   0.7492 10
95250.00   0.6776  8
95300.00   0.7869 11
95350.00   0.6448  7
95400.00   0.7492 10
95450.00   0.7134  9
95500.00   0.8267 12
95550.00   0.7869 11
95600.00   0.7134  9
95650.00   0.7134  9
95700.00   0.7492 10
95750.00   0.7492 10
95800.00   0.7134  9
95850.00   0.7492 10
95900.00   0.6776  8
95950.00   0.8267 12
96000.00   0.6448  7
96050.00   0.7492 10
96100.00   0.7869 11
96150.00   0.8267 12
96200.00   0.7869 11
96250.00   0.7492 10
96300.00   0.7492 10
96350.00   0.7134  9
96400.00   0.6776  8
96450.01   0.7134  9
96500.00   0.6776  8
96550.00   0.7492 10
96600.00   0.6776  8
96650.00   0.7869 11
96700.00   0.7134  9
96750.00   0.7492 10
96800.00   0.7492 10
96850.00   0.6776  8
96900.00   0.7492 10
96950.00   0.8267 12
97000.00   0.6776  8
97050.00   0.7134  9
97100.00   0.7869 11
97150.00   0.6776  8
97200.00   0.7492 10
97250.00   0.8267 12
97300.00   0.6776  8
97350.00   0.8267 12
97400.00   0.8267 12
97450.00   0.7134  9
97500.00   0.6776  8
97550.00   0.7134  9
97600.00   0.7869 11
97650.00   0.7134  9
97700.00   0.8267 12
97750.00   0.7492 10
97800.00   0.7134  9
97850.00   0.6121  6
97900.00   0.8267 12
97950.00   0.7134  9
98000.00   0.6776  8
98050.00   0.7869 11
98100.00   0.6776  8
98150.00   0.6776  8
98200.00   0.8267 12
98250.00   0.7869 11
98300.00   0.7869 11
98350.00   0.7869 11
98400.00   0.6448  7
98450.00   0.7869 11
98500.00   0.7134  9
98550.00   0.8267 12
98600.00   0.7492 10
98650.00   0.7869 11
98700.00   0.7492 10
98750.00   0.7492 10
98800.00   0.7869 11
98850.00   0.8267 12
98900.00   0.8267 12
98950.00   0.6776  8
99000.00   0.8267 12
99050.00   0.8267 12
99100.00   0.6776  8
99150.00   0.6776  8
99200.00   0.7869 11
99250.00   0.7492 10
99300.00   0.8267 12
99350.00   0.6776  8
99400.01   0.7492 10
99450.00   0.6776  8
99500.00   0.6776  8
99550.00   0.7869 11
99600.00   0.6776  8
99650.00   0.6776  8
99700.00   0.6448  7
99750.00   0.6776  8
99800.00   0.7134  9
99850.00   0.7492 10
99900.00   0.7869 11
99950.00   0.8267 12
100000.00   0.6776  8
