50.00   0.7134  9
100.00   0.7492 10
150.00   0.7492 10
200.00   0.7492 10
250.00   0.7134  9
300.00   0.6776  8
350.00   0.8267 12
400.00   0.6776  8
450.00   0.7869 11
500.00   0.6776  8
550.00   0.7869 11
600.00   0.6448  7
650.00   0.7134  9
700.00   0.6776  8
750.00   0.7134  9
800.00   0.6448  7
850.00   0.6448  7
900.01   0.6776  8
950.00   0.5514  4
1000.00   0.5236  3
1050.00   0.6121  6
1100.00   0.5236  3
1150.00   0.5813  5
1200.00   0.5236  3
1250.00   0.4700  1
1300.00   0.4968  2
1350.00   0.5813  5
1400.00   0.5813  5
1450.00   0.6121  6
1500.00   0.5514  4
1550.00   0.5236  3
1600.00   0.5813  5
1650.00   0.5236  3
1700.00   0.5813  5
1750.00   0.6776  8
1800.00   0.5236  3
1850.00   0.6776  8
1900.00   0.6121  6
1950.00   0.4700  1
2000.00   0.5236  3
2050.00   0.4968  2
2100.00   0.6448  7
2150.00   0.6121  6
2200.00   0.5813  5
2250.00   0.6448  7
2300.00   0.4968  2
2350.00   0.7134  9
2400.00   0.5514  4
2450.00   0.4968  2
2500.00   0.6448  7
2550.00   0.6776  8
2600.00   0.6448  7
2650.00   0.6121  6
2700.00   0.5813  5
2750.00   0.6776  8
2800.00   0.7134  9
2850.00   0.5514  4
2900.00   0.6121  6
2950.00   0.5514  4
3000.00   0.6121  6
3050.00   0.6448  7
3100.00   0.4968  2
3150.00   0.5514  4
3200.00   0.5813  5
3250.00   0.6121  6
3300.00   0.5813  5
3350.00   0.5813  5
3400.00   0.6121  6
3450.00   0.6776  8
3500.00   0.5514  4
3550.00   0.5236  3
3600.00   0.6448  7
3650.00   0.5514  4
3700.00   0.5514  4
3750.00   0.5813  5
3800.00   0.7134  9
3850.00   0.7134  9
3900.00   0.7134  9
3950.00   0.6121  6
4000.00   0.7492 10
4050.00   0.5813  5
4100.00   0.6121  6
4150.00   0.5236  3
4200.00   0.5813  5
4250.00   0.5514  4
4300.00   0.6448  7
4350.00   0.5813  5
4400.00   0.6121  6
4450.00   0.5514  4
4500.00   0.5813  5
4550.00   0.4700  1
4600.00   0.6121  6
4650.00   0.6121  6
4700.00   0.5813  5
4750.00   0.6121  6
4800.00   0.5236  3
4850.00   0.5514  4
4900.00   0.6448  7
4950.00   0.5514  4
5000.00   0.5813  5
5050.00   0.5236  3
5100.00   0.4968  2
5150.00   0.5813  5
5200.01   0.5813  5
5250.00   0.5813  5
5300.00   0.5813  5
5350.00   0.5813  5
5400.00   0.5514  4
5450.00   0.4700  1
5500.00   0.5236  3
5550.00   0.6448  7
5600.00   0.5813  5
5650.00   0.4700  1
5700.00   0.4968  2
5750.00   0.4968  2
5800.00   0.4968  2
5850.00   0.4700  1
5900.00   0.6121  6
5950.00   0.6776  8
6000.00   0.5236  3
6050.00   0.4700  1
6100.00   0.6121  6
6150.00   0.6448  7
6200.00   0.5236  3
6250.00   0.5514  4
6300.00   0.6121  6
6350.00   0.6448  7
6400.00   0.6448  7
6450.00   0.5236  3
6500.00   0.5813  5
6550.01   0.4700  1
6600.00   0.4968  2
6650.00   0.5514  4
6700.00   0.5236  3
6750.00   0.5514  4
6800.00   0.6448  7
6850.00   0.5813  5
6900.00   0.5514  4
6950.00   0.6448  7
7000.01   0.5236  3
7050.00   0.5236  3
7100.00   0.5813  5
7150.00   0.5514  4
7200.00   0.6121  6
7250.00   0.6121  6
7300.00   0.6448  7
7350.00   0.5514  4
7400.00   0.4968  2
7450.00   0.4700  1
7500.00   0.4968  2
7550.00   0.4700  1
7600.00   0.5236  3
7650.00   0.4700  1
7700.00   0.5236  3
7750.00   0.5236  3
7800.00   0.4968  2
7850.00   0.6121  6
7900.00   0.6121  6
7950.00   0.4968  2
8000.00   0.5236  3
8050.00   0.5236  3
8100.00   0.6121  6
8150.00   0.6121  6
8200.00   0.6121  6
8250.00   0.4700  1
8300.00   0.5813  5
8350.00   0.4968  2
8400.00   0.6121  6
8450.01   0.4968  2
8500.00   0.4700  1
8550.00   0.5813  5
8600.00   0.5236  3
8650.00   0.5236  3
8700.00   0.5236  3
8750.00   0.5813  5
8800.00   0.4968  2
8850.01   0.5514  4
8900.00   0.5813  5
8950.00   0.6121  6
9000.00   0.4700  1
9050.00   0.6448  7
9100.00   0.4700  1
9150.00   0.6448  7
9200.00   0.4700  1
9250.00   0.4968  2
9300.00   0.5236  3
9350.00   0.6121  6
9400.00   0.5236  3
9450.00   0.4968  2
9500.00   0.4968  2
9550.00   0.5514  4
9600.00   0.4968  2
9650.00   0.5514  4
9700.00   0.6121  6
9750.00   0.4700  1
9800.00   0.5514  4
9850.00   0.5236  3
9900.00   0.4700  1
9950.00   0.5514  4
10000.00   0.5236  3
10050.00   0.6121  6
10100.00   0.6448  7
10150.00   0.5514  4
10200.00   0.4968  2
10250.00   0.6448  7
10300.01   0.6776  8
10350.00   0.6448  7
10400.00   0.5514  4
10450.00   0.5514  4
10500.00   0.4700  1
10550.00   0.4700  1
10600.00   0.4968  2
10650.00   0.4700  1
10700.00   0.4700  1
10750.00   0.5514  4
10800.00   0.4700  1
10850.00   0.4968  2
10900.00   0.5514  4
10950.00   0.4700  1
11000.00   0.5813  5
11050.00   0.6776  8
11100.00   0.5813  5
11150.00   0.4968  2
11200.00   0.5813  5
11250.00   0.5236  3
11300.00   0.4968  2
11350.00   0.5813  5
11400.00   0.4700  1
11450.00   0.4968  2
11500.00   0.5236  3
11550.00   0.5236  3
11600.00   0.5236  3
11650.00   0.6121  6
11700.00   0.5514  4
11750.00   0.4968  2
11800.00   0.5813  5
11850.00   0.6448  7
11900.00   0.5236  3
11950.00   0.6121  6
12000.00   0.6121  6
12050.00   0.4700  1
12100.00   0.5813  5
12150.00   0.5514  4
12200.00   0.4968  2
12250.00   0.6121  6
12300.00   0.4700  1
12350.00   0.6448  7
12400.00   0.6448  7
12450.00   0.5236  3
12500.00   0.4700  1
12550.00   0.4700  1
12600.00   0.6776  8
12650.00   0.5813  5
12700.00   0.4968  2
12750.00   0.4968  2
12800.00   0.6121  6
12850.00   0.4968  2
12900.00   0.5813  5
12950.00   0.5813  5
13000.00   0.4700  1
13050.00   0.4968  2
13100.00   0.6776  8
13150.00   0.5813  5
13200.00   0.6121  6
13250.00   0.6448  7
13300.00   0.6448  7
13350.00   0.4700  1
13400.00   0.5236  3
13450.00   0.5514  4
13500.00   0.5813  5
13550.00   0.5514  4
13600.00   0.5236  3
13650.00   0.4968  2
13700.00   0.4700  1
13750.00   0.5236  3
13800.00   0.5813  5
13850.00   0.4700  1
13900.00   0.4700  1
13950.01   0.4968  2
14000.00   0.4700  1
14050.00   0.4700  1
14100.00   0.6121  6
14150.00   0.6121  6
14200.00   0.5813  5
14250.00   0.5813  5
14300.00   0.6448  7
14350.00   0.6448  7
14400.00   0.5514  4
14450.00   0.5514  4
14500.00   0.4700  1
14550.00   0.5236  3
14600.00   0.4700  1
14650.00   0.5813  5
14700.00   0.6121  6
14750.00   0.5514  4
14800.00   0.4700  1
14850.00   0.5813  5
14900.00   0.6776  8
14950.00   0.4700  1
15000.01   0.5236  3
15050.00   0.4700  1
15100.00   0.4968  2
15150.00   0.5813  5
15200.00   0.6121  6
15250.00   0.4968  2
15300.00   0.4700  1
15350.00   0.6448  7
15400.00   0.5813  5
15450.00   0.5514  4
15500.00   0.5514  4
15550.00   0.5813  5
15600.00   0.5514  4
15650.00   0.4700  1
15700.01   0.6121  6
15750.00   0.4700  1
15800.00   0.4700  1
15850.00   0.5514  4
15900.00   0.4700  1
15950.00   0.4968  2
16000.00   0.4700  1
16050.00   0.4968  2
16100.00   0.4968  2
16150.00   0.5514  4
16200.00   0.4968  2
16250.00   0.4700  1
16300.00   0.4700  1
16350.00   0.4968  2
16400.00   0.4968  2
16450.00   0.4700  1
16500.00   0.5236  3
16550.00   0.5514  4
16600.00   0.4968  2
16650.00   0.6121  6
16700.00   0.5236  3
16750.00   0.5236  3
16800.00   0.4968  2
16850.00   0.5514  4
16900.00   0.6448  7
16950.00   0.5236  3
17000.01   0.4968  2
17050.00   0.4700  1
17100.00   0.4700  1
17150.00   0.4968  2
17200.00   0.6121  6
17250.00   0.4968  2
17300.00   0.4700  1
17350.00   0.4968  2
17400.00   0.6776  8
17450.00   0.5236  3
17500.00   0.4968  2
17550.00   0.6121  6
17600.00   0.5514  4
17650.00   0.5813  5
17700.00   0.6121  6
17750.00   0.5514  4
17800.00   0.5813  5
17850.00   0.5236  3
17900.00   0.4700  1
17950.00   0.6776  8
18000.00   0.5514  4
18050.00   0.5813  5
18100.00   0.6448  7
18150.00   0.7134  9
18200.00   0.5514  4
18250.00   0.5236  3
18300.00   0.5514  4
18350.00   0.5514  4
18400.00   0.5236  3
18450.00   0.5236  3
18500.00   0.5813  5
18550.00   0.5514  4
18600.00   0.4700  1
18650.00   0.4700  1
18700.00   0.7134  9
18750.00   0.5236  3
18800.00   0.6121  6
18850.00   0.5236  3
18900.00   0.4700  1
18950.00   0.4700  1
19000.00   0.6121  6
19050.00   0.4700  1
19100.00   0.4968  2
19150.00   0.6448  7
19200.00   0.5236  3
19250.00   0.6121  6
19300.00   0.5813  5
19350.00   0.4968  2
19400.00   0.6121  6
19450.00   0.6121  6
19500.00   0.7134  9
19550.00   0.7134  9
19600.00   0.6121  6
19650.00   0.5514  4
19700.00   0.4968  2
19750.00   0.6121  6
19800.00   0.6121  6
19850.00   0.4700  1
19900.00   0.5236  3
19950.00   0.5813  5
20000.00   0.4700  1
20050.00   0.4968  2
20100.00   0.5236  3
20150.00   0.6121  6
20200.00   0.5236  3
20250.00   0.4700  1
20300.00   0.4968  2
20350.00   0.4700  1
20400.00   0.5813  5
20450.00   0.5813  5
20500.00   0.5514  4
20550.00   0.5813  5
20600.00   0.5813  5
20650.00   0.4968  2
20700.00   0.6448  7
20750.00   0.5813  5
20800.00   0.4700  1
20850.00   0.4700  1
20900.00   0.5514  4
20950.00   0.6121  6
21000.00   0.5514  4
21050.00   0.4700  1
21100.00   0.4968  2
21150.01   0.5514  4
21200.00   0.5514  4
21250.00   0.7134  9
21300.00   0.5813  5
21350.00   0.6448  7
21400.00   0.6121  6
21450.00   0.5236  3
21500.00   0.4700  1
21550.00   0.6121  6
21600.00   0.5236  3
21650.00   0.5236  3
21700.00   0.4968  2
21750.00   0.6448  7
21800.00   0.5813  5
21850.00   0.6448  7
21900.00   0.6776  8
21950.00   0.5236  3
22000.00   0.4700  1
22050.00   0.5236  3
22100.00   0.6776  8
22150.00   0.6121  6
22200.00   0.5514  4
22250.00   0.6121  6
22300.00   0.6776  8
22350.00   0.6776  8
22400.00   0.6448  7
22450.00   0.5813  5
22500.00   0.6448  7
22550.00   0.6448  7
22600.00   0.5813  5
22650.00   0.6121  6
22700.00   0.6776  8
22750.00   0.6776  8
22800.00   0.6448  7
22850.00   0.6448  7
22900.00   0.6448  7
22950.00   0.6448  7
23000.00   0.6776  8
23050.00   0.6776  8
23100.00   0.6776  8
23150.00   0.6776  8
23200.00   0.6448  7
23250.00   0.6776  8
23300.00   0.6776  8
23350.00   0.6121  6
23400.00   0.6776  8
23450.00   0.6776  8
23500.00   0.6776  8
23550.00   0.6776  8
23600.01   0.6776  8
23650.00   0.5813  5
23700.00   0.6776  8
23750.00   0.6776  8
23800.00   0.6448  7
23850.00   0.6121  6
23900.00   0.6121  6
23950.00   0.6776  8
24000.00   0.6776  8
24050.00   0.5514  4
24100.00   0.7492 10
24150.00   0.6448  7
24200.00   0.5813  5
24250.00   0.5813  5
24300.00   0.6776  8
24350.00   0.5514  4
24400.00   0.5514  4
24450.00   0.7134  9
24500.00   0.5813  5
24550.00   0.5514  4
24600.00   0.5236  3
24650.00   0.4700  1
24700.00   0.4968  2
24750.00   0.6448  7
24800.00   0.4700  1
24850.00   0.7134  9
24900.00   0.6448  7
24950.00   0.6448  7
25000.00   0.4968  2
25050.00   0.5236  3
25100.00   0.5813  5
25150.00   0.7134  9
25200.00   0.6448  7
25250.00   0.4700  1
25300.00   0.6448  7
25350.00   0.6776  8
25400.00   0.6121  6
25450.00   0.6776  8
25500.00   0.4968  2
25550.00   0.5813  5
25600.00   0.6776  8
25650.00   0.6776  8
25700.00   0.5813  5
25750.00   0.7134  9
25800.00   0.6448  7
25850.00   0.4700  1
25900.00   0.6448  7
25950.00   0.5514  4
26000.00   0.4700  1
26050.00   0.6448  7
26100.00   0.5236  3
26150.00   0.6448  7
26200.00   0.6448  7
26250.01   0.6121  6
26300.00   0.5514  4
26350.00   0.6121  6
26400.00   0.6776  8
26450.00   0.6121  6
26500.00   0.6448  7
26550.00   0.6121  6
26600.00   0.6121  6
26650.00   0.6448  7
26700.00   0.5236  3
26750.00   0.4700  1
26800.00   0.6776  8
26850.00   0.5514  4
26900.00   0.5813  5
26950.00   0.4968  2
27000.00   0.6448  7
27050.00   0.6448  7
27100.00   0.6776  8
27150.00   0.6121  6
27200.00   0.6448  7
27250.00   0.6776  8
27300.00   0.6121  6
27350.00   0.6121  6
27400.00   0.5813  5
27450.00   0.5236  3
27500.00   0.6776  8
27550.00   0.6448  7
27600.00   0.5813  5
27650.00   0.7134  9
27700.01   0.5813  5
27750.00   0.6448  7
27800.00   0.6776  8
27850.00   0.6121  6
27900.00   0.6448  7
27950.00   0.6121  6
28000.00   0.6121  6
28050.00   0.4968  2
28100.00   0.5813  5
28150.00   0.6776  8
28200.01   0.6776  8
28250.00   0.7492 10
28300.00   0.6776  8
28350.00   0.6121  6
28400.00   0.6776  8
28450.00   0.6121  6
28500.00   0.6448  7
28550.00   0.6448  7
28600.00   0.6448  7
28650.00   0.5813  5
28700.00   0.6448  7
28750.00   0.7134  9
28800.00   0.6776  8
28850.00   0.6121  6
28900.00   0.6776  8
28950.00   0.6448  7
29000.01   0.7134  9
29050.00   0.7492 10
29100.00   0.5813  5
29150.00   0.6776  8
29200.00   0.6448  7
29250.00   0.6448  7
29300.00   0.6776  8
29350.00   0.5236  3
29400.00   0.6448  7
29450.00   0.6121  6
29500.00   0.6776  8
29550.00   0.6121  6
29600.00   0.6448  7
29650.00   0.5813  5
29700.00   0.6776  8
29750.00   0.6121  6
29800.00   0.6121  6
29850.00   0.6121  6
29900.00   0.6776  8
29950.00   0.6776  8
30000.00   0.5236  3
30050.00   0.5813  5
30100.00   0.6448  7
30150.00   0.6776  8
30200.00   0.6776  8
30250.00   0.6448  7
30300.00   0.6776  8
30350.00   0.6776  8
30400.00   0.6448  7
30450.00   0.6776  8
30500.00   0.5514  4
30550.00   0.5813  5
30600.00   0.6776  8
30650.00   0.6776  8
30700.00   0.6121  6
30750.00   0.6776  8
30800.00   0.4968  2
30850.00   0.6776  8
30900.00   0.5813  5
30950.00   0.6776  8
31000.00   0.5236  3
31050.00   0.6121  6
31100.00   0.7134  9
31150.00   0.6448  7
31200.00   0.6121  6
31250.00   0.5514  4
31300.00   0.6121  6
31350.00   0.6448  7
31400.00   0.7134  9
31450.00   0.5236  3
31500.00   0.6448  7
31550.00   0.6776  8
31600.00   0.6121  6
31650.00   0.5813  5
31700.00   0.6121  6
31750.00   0.6776  8
31800.00   0.5236  3
31850.00   0.6776  8
31900.00   0.5813  5
31950.00   0.6776  8
32000.00   0.6121  6
32050.00   0.5236  3
32100.00   0.6776  8
32150.00   0.6776  8
32200.00   0.4700  1
32250.00   0.5514  4
32300.01   0.5236  3
32350.00   0.6448  7
32400.00   0.6776  8
32450.00   0.6121  6
32500.00   0.6776  8
32550.00   0.5813  5
32600.00   0.5514  4
32650.00   0.5813  5
32700.00   0.5514  4
32750.00   0.4968  2
32800.00   0.6448  7
32850.00   0.5813  5
32900.00   0.4700  1
32950.00   0.5514  4
33000.00   0.5514  4
33050.00   0.5813  5
33100.00   0.5813  5
33150.00   0.6448  7
33200.00   0.6448  7
33250.00   0.5813  5
33300.01   0.5813  5
33350.00   0.6121  6
33400.00   0.5813  5
33450.00   0.5813  5
33500.00   0.4968  2
33550.00   0.4700  1
33600.00   0.5813  5
33650.00   0.6448  7
33700.00   0.6121  6
33750.00   0.6448  7
33800.00   0.6448  7
33850.00   0.5514  4
33900.00   0.5813  5
33950.00   0.6776  8
34000.00   0.6121  6
34050.00   0.6121  6
34100.00   0.6448  7
34150.00   0.4968  2
34200.00   0.4700  1
34250.00   0.4700  1
34300.00   0.6121  6
34350.00   0.5514  4
34400.00   0.5236  3
34450.00   0.4700  1
34500.00   0.4968  2
34550.00   0.4700  1
34600.00   0.5514  4
34650.00   0.5514  4
34700.00   0.4700  1
34750.00   0.4968  2
34800.00   0.5813  5
34850.00   0.4968  2
34900.00   0.4968  2
34950.00   0.5236  3
35000.00   0.4968  2
35050.00   0.6448  7
35100.00   0.6121  6
35150.00   0.6776  8
35200.00   0.4968  2
35250.00   0.5813  5
35300.01   0.5236  3
35350.00   0.6448  7
35400.01   0.5236  3
35450.00   0.5236  3
35500.00   0.6448  7
35550.00   0.4968  2
35600.00   0.4700  1
35650.00   0.5813  5
35700.00   0.4700  1
35750.00   0.4700  1
35800.00   0.4700  1
35850.00   0.4700  1
35900.00   0.5236  3
35950.00   0.5514  4
36000.01   0.5514  4
36050.00   0.4968  2
36100.00   0.5813  5
36150.00   0.5813  5
36200.00   0.5813  5
36250.00   0.4700  1
36300.00   0.6121  6
36350.00   0.5813  5
36400.00   0.4700  1
36450.00   0.6776  8
36500.00   0.4700  1
36550.01   0.4968  2
36600.00   0.5514  4
36650.00   0.6121  6
36700.01   0.4968  2
36750.00   0.5514  4
36800.00   0.5236  3
36850.00   0.5236  3
36900.00   0.5514  4
36950.00   0.5236  3
37000.01   0.5813  5
37050.00   0.4968  2
37100.00   0.6776  8
37150.00   0.5813  5
37200.00   0.5514  4
37250.00   0.6776  8
37300.00   0.4968  2
37350.00   0.5514  4
37400.00   0.5236  3
37450.00   0.4968  2
37500.00   0.6448  7
37550.00   0.6448  7
37600.00   0.5236  3
37650.00   0.4700  1
37700.00   0.5236  3
37750.00   0.5813  5
37800.00   0.4700  1
37850.00   0.6448  7
37900.00   0.5236  3
37950.00   0.4968  2
38000.00   0.5813  5
38050.00   0.4700  1
38100.00   0.5514  4
38150.00   0.5514  4
38200.00   0.4968  2
38250.00   0.7134  9
38300.00   0.6448  7
38350.00   0.6776  8
38400.00   0.6776  8
38450.00   0.6121  6
38500.00   0.6776  8
38550.00   0.7134  9
38600.00   0.6776  8
38650.00   0.6776  8
38700.00   0.6448  7
38750.00   0.6776  8
38800.00   0.7492 10
38850.00   0.7134  9
38900.00   0.6448  7
38950.00   0.7134  9
39000.00   0.8267 12
39050.00   0.6121  6
39100.00   0.6448  7
39150.00   0.7134  9
39200.00   0.6121  6
39250.00   0.6448  7
39300.00   0.7134  9
39350.00   0.6448  7
39400.00   0.6448  7
39450.00   0.6448  7
39500.00   0.5813  5
39550.00   0.6776  8
39600.00   0.6448  7
39650.00   0.6448  7
39700.00   0.6121  6
39750.00   0.5514  4
39800.00   0.5813  5
39850.00   0.6448  7
39900.00   0.6776  8
39950.00   0.7869 11
40000.00   0.7492 10
40050.00   0.6776  8
40100.00   0.7134  9
40150.00   0.7492 10
40200.00   0.6776  8
40250.00   0.7134  9
40300.00   0.6776  8
40350.00   0.7134  9
40400.00   0.6776  8
40450.01   0.6776  8
40500.00   0.6448  7
40550.00   0.6121  6
40600.00   0.7492 10
40650.00   0.7134  9
40700.00   0.6776  8
40750.00   0.7492 10
40800.00   0.6776  8
40850.00   0.6776  8
40900.00   0.6448  7
40950.00   0.6448  7
41000.00   0.8267 12
41050.00   0.7134  9
41100.00   0.7134  9
41150.00   0.7134  9
41200.00   0.6121  6
41250.00   0.6121  6
41300.00   0.7492 10
41350.00   0.7134  9
41400.00   0.6776  8
41450.00   0.6776  8
41500.00   0.7492 10
41550.00   0.7134  9
41600.00   0.6448  7
41650.00   0.8267 12
41700.00   0.6776  8
41750.00   0.6776  8
41800.00   0.7869 11
41850.00   0.6776  8
41900.00   0.7869 11
41950.00   0.6448  7
42000.00   0.7134  9
42050.00   0.7492 10
42100.00   0.6776  8
42150.00   0.6776  8
42200.00   0.6776  8
42250.00   0.6448  7
42300.00   0.6776  8
42350.00   0.6448  7
42400.00   0.6121  6
42450.00   0.6448  7
42500.00   0.6448  7
42550.00   0.6121  6
42600.00   0.6448  7
42650.00   0.6448  7
42700.00   0.7134  9
42750.00   0.7134  9
42800.00   0.6448  7
42850.00   0.6776  8
42900.00   0.6121  6
42950.00   0.6776  8
43000.00   0.7134  9
43050.01   0.5514  4
43100.00   0.6121  6
43150.00   0.6776  8
43200.00   0.6776  8
43250.00   0.7869 11
43300.00   0.5813  5
43350.00   0.6448  7
43400.00   0.7134  9
43450.00   0.7134  9
43500.00   0.5514  4
43550.00   0.6448  7
43600.00   0.6121  6
43650.00   0.6121  6
43700.00   0.6776  8
43750.00   0.6448  7
43800.00   0.5813  5
43850.00   0.7134  9
43900.00   0.6776  8
43950.00   0.6448  7
44000.00   0.7134  9
44050.00   0.6121  6
44100.00   0.6776  8
44150.00   0.6121  6
44200.00   0.6448  7
44250.01   0.7134  9
44300.00   0.7492 10
44350.00   0.6776  8
44400.00   0.7134  9
44450.00   0.6448  7
44500.00   0.7492 10
44550.00   0.7134  9
44600.00   0.6448  7
44650.00   0.7134  9
44700.00   0.7134  9
44750.00   0.7134  9
44800.00   0.5514  4
44850.00   0.6776  8
44900.00   0.7134  9
44950.00   0.5514  4
45000.00   0.6121  6
45050.00   0.6776  8
45100.00   0.5813  5
45150.00   0.7134  9
45200.00   0.8267 12
45250.00   0.8267 12
45300.00   0.6776  8
45350.00   0.7492 10
45400.00   0.6776  8
45450.00   0.6776  8
45500.00   0.7134  9
45550.00   0.6776  8
45600.00   0.7492 10
45650.00   0.6776  8
45700.00   0.7134  9
45750.00   0.6776  8
45800.00   0.6776  8
45850.00   0.7134  9
45900.00   0.7134  9
45950.00   0.7492 10
46000.00   0.6776  8
46050.00   0.6776  8
46100.00   0.6776  8
46150.00   0.6776  8
46200.00   0.6776  8
46250.00   0.7134  9
46300.00   0.6776  8
46350.00   0.6121  6
46400.00   0.7134  9
46450.00   0.4968  2
46500.00   0.5813  5
46550.00   0.4700  1
46600.00   0.6448  7
46650.00   0.5514  4
46700.00   0.6448  7
46750.00   0.6448  7
46800.00   0.6776  8
46850.00   0.6121  6
46900.00   0.5236  3
46950.00   0.6121  6
47000.00   0.4968  2
47050.00   0.5514  4
47100.00   0.6448  7
47150.00   0.5514  4
47200.00   0.6776  8
47250.00   0.6776  8
47300.00   0.7134  9
47350.00   0.6121  6
47400.00   0.6121  6
47450.00   0.6448  7
47500.00   0.6121  6
47550.00   0.6776  8
47600.00   0.5813  5
47650.00   0.6448  7
47700.00   0.5514  4
47750.00   0.5813  5
47800.00   0.6448  7
47850.00   0.5813  5
47900.00   0.5813  5
47950.00   0.4700  1
48000.00   0.5514  4
48050.00   0.6448  7
48100.00   0.4700  1
48150.00   0.4700  1
48200.00   0.4968  2
48250.00   0.5236  3
48300.00   0.4968  2
48350.00   0.5514  4
48400.00   0.5236  3
48450.00   0.4968  2
48500.00   0.6776  8
48550.00   0.5514  4
48600.00   0.4700  1
48650.00   0.4700  1
48700.00   0.6776  8
48750.00   0.6448  7
48800.00   0.7134  9
48850.00   0.6448  7
48900.00   0.5236  3
48950.00   0.6448  7
49000.00   0.6448  7
49050.00   0.7134  9
49100.00   0.6121  6
49150.00   0.6448  7
49200.00   0.5236  3
49250.00   0.5813  5
49300.00   0.6448  7
49350.00   0.6121  6
49400.00   0.7134  9
49450.00   0.6448  7
49500.00   0.6776  8
49550.00   0.6776  8
49600.00   0.6448  7
49650.00   0.6448  7
49700.00   0.5813  5
49750.00   0.6121  6
49800.00   0.6776  8
49850.00   0.5236  3
49900.00   0.6776  8
49950.00   0.6776  8
50000.00   0.7134  9
50050.00   0.7492 10
50100.00   0.6448  7
50150.00   0.7492 10
50200.00   0.6448  7
50250.00   0.6448  7
50300.00   0.6121  6
50350.00   0.6121  6
50400.00   0.4700  1
50450.00   0.5236  3
50500.00   0.5236  3
50550.00   0.5236  3
50600.00   0.4968  2
50650.00   0.5236  3
50700.00   0.6121  6
50750.00   0.5514  4
50800.00   0.5813  5
50850.00   0.6448  7
50900.00   0.6448  7
50950.00   0.5236  3
51000.00   0.6448  7
51050.00   0.6776  8
51100.00   0.5514  4
51150.00   0.4968  2
51200.00   0.5514  4
51250.00   0.6121  6
51300.00   0.4700  1
51350.00   0.7134  9
51400.00   0.4968  2
51450.00   0.6776  8
51500.00   0.5813  5
51550.00   0.5514  4
51600.00   0.7492 10
51650.00   0.4968  2
51700.00   0.5813  5
51750.00   0.5236  3
51800.00   0.6121  6
51850.01   0.4968  2
51900.00   0.4968  2
51950.00   0.5236  3
52000.00   0.6448  7
52050.00   0.6448  7
52100.00   0.4700  1
52150.00   0.4968  2
52200.00   0.6448  7
52250.00   0.5813  5
52300.01   0.6448  7
52350.00   0.5236  3
52400.00   0.4700  1
52450.00   0.4968  2
52500.00   0.4700  1
52550.00   0.4968  2
52600.00   0.4700  1
52650.00   0.4700  1
52700.00   0.6121  6
52750.00   0.5514  4
52800.00   0.6121  6
52850.00   0.6121  6
52900.00   0.5236  3
52950.00   0.5514  4
53000.00   0.5813  5
53050.00   0.5236  3
53100.00   0.5236  3
53150.00   0.6121  6
53200.00   0.6776  8
53250.00   0.5514  4
53300.00   0.4700  1
53350.00   0.6121  6
53400.00   0.4700  1
53450.00   0.5236  3
53500.00   0.5813  5
53550.00   0.5514  4
53600.00   0.4968  2
53650.00   0.4700  1
53700.00   0.4968  2
53750.00   0.4700  1
53800.00   0.5514  4
53850.00   0.4968  2
53900.00   0.4968  2
53950.00   0.4700  1
54000.00   0.4700  1
54050.00   0.5813  5
54100.00   0.5236  3
54150.00   0.5236  3
54200.00   0.4968  2
54250.00   0.5813  5
54300.00   0.4700  1
54350.00   0.5514  4
54400.00   0.4968  2
54450.00   0.5514  4
54500.00   0.4968  2
54550.00   0.5236  3
54600.00   0.4700  1
54650.00   0.4700  1
54700.00   0.4700  1
54750.00   0.7134  9
54800.00   0.5514  4
54850.00   0.6121  6
54900.00   0.5514  4
54950.00   0.6448  7
55000.00   0.4968  2
55050.00   0.6121  6
55100.00   0.4700  1
55150.00   0.4968  2
55200.00   0.6121  6
55250.00   0.5514  4
55300.00   0.5514  4
55350.00   0.5514  4
55400.00   0.6121  6
55450.00   0.5813  5
55500.00   0.6121  6
55550.00   0.5514  4
55600.00   0.6448  7
55650.00   0.5236  3
55700.00   0.6121  6
55750.00   0.5236  3
55800.00   0.6121  6
55850.00   0.5514  4
55900.00   0.5514  4
55950.00   0.4700  1
56000.00   0.4700  1
56050.00   0.5236  3
56100.00   0.5514  4
56150.01   0.5514  4
56200.00   0.4968  2
56250.00   0.4968  2
56300.00   0.5813  5
56350.00   0.4968  2
56400.00   0.4968  2
56450.00   0.4700  1
56500.01   0.4700  1
56550.00   0.6448  7
56600.00   0.4700  1
56650.00   0.5813  5
56700.00   0.6121  6
56750.00   0.5813  5
56800.00   0.5813  5
56850.00   0.5514  4
56900.00   0.6121  6
56950.00   0.6121  6
57000.00   0.5236  3
57050.00   0.5813  5
57100.00   0.4700  1
57150.00   0.4700  1
57200.00   0.4700  1
57250.00   0.5514  4
57300.00   0.5514  4
57350.00   0.5236  3
57400.00   0.4700  1
57450.00   0.5514  4
57500.00   0.5236  3
57550.00   0.4700  1
57600.00   0.5514  4
57650.00   0.6121  6
57700.00   0.5236  3
57750.00   0.4968  2
57800.00   0.4700  1
57850.00   0.5514  4
57900.00   0.4700  1
57950.00   0.5813  5
58000.00   0.6448  7
58050.01   0.4968  2
58100.00   0.6121  6
58150.00   0.6448  7
58200.00   0.4700  1
58250.00   0.5514  4
58300.00   0.5236  3
58350.00   0.4700  1
58400.00   0.5514  4
58450.00   0.4968  2
58500.00   0.6448  7
58550.00   0.4968  2
58600.00   0.6121  6
58650.00   0.6121  6
58700.00   0.4700  1
58750.00   0.5514  4
58800.00   0.6448  7
58850.01   0.5813  5
58900.00   0.5813  5
58950.00   0.4968  2
59000.00   0.4968  2
59050.00   0.6448  7
59100.01   0.5813  5
59150.00   0.4700  1
59200.00   0.6121  6
59250.00   0.4700  1
59300.00   0.5514  4
59350.00   0.5514  4
59400.00   0.6121  6
59450.00   0.6448  7
59500.00   0.5514  4
59550.00   0.4700  1
59600.00   0.5514  4
59650.00   0.4700  1
59700.00   0.6121  6
59750.00   0.6121  6
59800.00   0.5236  3
59850.00   0.5514  4
59900.00   0.6448  7
59950.00   0.5813  5
60000.00   0.5813  5
60050.00   0.4700  1
60100.01   0.4968  2
60150.00   0.5813  5
60200.00   0.5514  4
60250.00   0.4700  1
60300.00   0.4968  2
60350.00   0.6121  6
60400.00   0.4700  1
60450.00   0.4700  1
60500.00   0.5514  4
60550.00   0.5236  3
60600.00   0.5236  3
60650.00   0.6448  7
60700.00   0.6448  7
60750.00   0.5813  5
60800.00   0.6448  7
60850.00   0.4700  1
60900.01   0.4968  2
60950.00   0.4700  1
61000.00   0.6448  7
61050.00   0.5514  4
61100.00   0.5236  3
61150.00   0.4968  2
61200.00   0.4700  1
61250.00   0.5514  4
61300.00   0.4968  2
61350.00   0.5236  3
61400.00   0.5514  4
61450.00   0.5236  3
61500.00   0.4700  1
61550.00   0.4700  1
61600.00   0.4968  2
61650.00   0.4968  2
61700.00   0.6448  7
61750.00   0.6121  6
61800.00   0.6121  6
61850.00   0.5514  4
61900.00   0.5514  4
61950.00   0.5236  3
62000.00   0.5813  5
62050.00   0.4700  1
62100.00   0.5236  3
62150.00   0.5813  5
62200.00   0.6448  7
62250.00   0.6448  7
62300.00   0.6121  6
62350.00   0.5813  5
62400.00   0.4968  2
62450.00   0.6121  6
62500.00   0.5514  4
62550.00   0.5514  4
62600.00   0.4968  2
62650.00   0.5813  5
62700.00   0.4700  1
62750.00   0.6448  7
62800.00   0.4968  2
62850.00   0.4968  2
62900.00   0.6121  6
62950.00   0.5514  4
63000.00   0.4700  1
63050.00   0.4700  1
63100.00   0.6121  6
63150.00   0.5236  3
63200.00   0.4700  1
63250.00   0.6448  7
63300.00   0.6448  7
63350.00   0.5813  5
63400.00   0.4700  1
63450.00   0.4968  2
63500.00   0.6448  7
63550.00   0.4700  1
63600.01   0.4700  1
63650.00   0.4968  2
63700.00   0.6448  7
63750.00   0.6121  6
63800.00   0.5236  3
63850.00   0.5813  5
63900.00   0.5236  3
63950.00   0.4700  1
64000.00   0.5236  3
64050.00   0.4968  2
64100.00   0.5514  4
64150.00   0.4968  2
64200.00   0.5236  3
64250.00   0.5236  3
64300.00   0.6121  6
64350.00   0.6121  6
64400.00   0.6121  6
64450.00   0.5514  4
64500.00   0.6448  7
64550.00   0.5813  5
64600.00   0.4968  2
64650.00   0.6448  7
64700.00   0.4968  2
64750.00   0.4700  1
64800.00   0.6121  6
64850.00   0.6121  6
64900.00   0.5236  3
64950.00   0.4700  1
65000.00   0.4700  1
65050.00   0.5236  3
65100.00   0.5813  5
65150.00   0.4700  1
65200.00   0.5236  3
65250.00   0.5813  5
65300.00   0.5514  4
65350.00   0.6448  7
65400.00   0.4700  1
65450.00   0.5813  5
65500.00   0.5514  4
65550.00   0.5514  4
65600.00   0.5236  3
65650.00   0.6121  6
65700.00   0.4968  2
65750.00   0.6448  7
65800.00   0.4968  2
65850.00   0.5514  4
65900.00   0.4700  1
65950.00   0.6121  6
66000.00   0.5514  4
66050.00   0.6776  8
66100.00   0.6121  6
66150.00   0.5514  4
66200.00   0.6121  6
66250.00   0.4968  2
66300.00   0.4700  1
66350.00   0.5813  5
66400.00   0.5813  5
66450.00   0.5236  3
66500.00   0.4700  1
66550.00   0.6121  6
66600.00   0.5236  3
66650.00   0.5813  5
66700.00   0.6448  7
66750.00   0.6448  7
66800.00   0.4700  1
66850.00   0.4968  2
66900.00   0.5813  5
66950.00   0.6121  6
67000.00   0.5813  5
67050.00   0.4968  2
67100.00   0.5514  4
67150.00   0.4968  2
67200.00   0.6121  6
67250.00   0.5514  4
67300.00   0.5236  3
67350.00   0.4968  2
67400.00   0.5514  4
67450.00   0.4700  1
67500.00   0.5514  4
67550.00   0.5236  3
67600.00   0.5514  4
67650.00   0.5236  3
67700.00   0.5236  3
67750.00   0.6448  7
67800.00   0.6121  6
67850.00   0.5813  5
67900.00   0.6121  6
67950.00   0.5236  3
68000.00   0.6448  7
68050.00   0.5514  4
68100.00   0.6448  7
68150.00   0.5514  4
68200.00   0.5813  5
68250.00   0.5813  5
68300.00   0.5813  5
68350.00   0.6121  6
68400.00   0.7134  9
68450.00   0.6448  7
68500.00   0.5813  5
68550.00   0.5514  4
68600.00   0.6121  6
68650.00   0.5813  5
68700.00   0.6448  7
68750.00   0.6448  7
68800.00   0.6121  6
68850.00   0.6121  6
68900.00   0.6448  7
68950.00   0.5813  5
69000.00   0.5813  5
69050.00   0.5813  5
69100.00   0.7134  9
69150.00   0.6448  7
69200.00   0.5514  4
69250.00   0.6121  6
69300.00   0.6448  7
69350.00   0.5514  4
69400.00   0.6448  7
69450.00   0.6776  8
69500.00   0.6448  7
69550.00   0.6448  7
69600.00   0.5813  5
69650.00   0.5813  5
69700.00   0.6448  7
69750.00   0.6121  6
69800.00   0.5813  5
69850.00   0.6776  8
69900.00   0.6121  6
69950.00   0.6448  7
70000.00   0.5236  3
70050.00   0.5813  5
70100.00   0.5514  4
70150.00   0.4700  1
70200.00   0.6121  6
70250.00   0.6448  7
70300.00   0.6448  7
70350.00   0.4700  1
70400.00   0.4968  2
70450.00   0.5813  5
70500.00   0.6448  7
70550.00   0.6776  8
70600.00   0.6448  7
70650.00   0.6448  7
70700.00   0.6121  6
70750.00   0.6448  7
70800.00   0.6121  6
70850.00   0.5813  5
70900.00   0.6448  7
70950.00   0.5813  5
71000.00   0.5813  5
71050.00   0.5514  4
71100.00   0.6448  7
71150.00   0.5514  4
71200.00   0.5514  4
71250.00   0.5813  5
71300.00   0.6448  7
71350.00   0.6448  7
71400.00   0.6121  6
71450.00   0.5514  4
71500.00   0.5813  5
71550.00   0.4700  1
71600.00   0.5514  4
71650.00   0.6121  6
71700.00   0.4968  2
71750.00   0.6448  7
71800.00   0.6448  7
71850.00   0.6776  8
71900.00   0.6448  7
71950.00   0.6776  8
72000.00   0.6448  7
72050.00   0.6776  8
72100.00   0.6776  8
72150.00   0.6776  8
72200.00   0.6776  8
72250.00   0.6121  6
72300.00   0.7134  9
72350.00   0.6776  8
72400.00   0.7134  9
72450.00   0.6448  7
72500.00   0.6448  7
72550.00   0.6121  6
72600.00   0.6448  7
72650.00   0.6776  8
72700.00   0.6776  8
72750.01   0.6776  8
72800.00   0.6448  7
72850.00   0.5514  4
72900.00   0.6121  6
72950.00   0.5813  5
73000.00   0.6121  6
73050.00   0.6121  6
73100.00   0.6776  8
73150.00   0.6448  7
73200.00   0.6121  6
73250.00   0.6448  7
73300.00   0.6448  7
73350.00   0.6776  8
73400.00   0.6448  7
73450.00   0.5514  4
73500.00   0.7492 10
73550.00   0.5813  5
73600.00   0.5514  4
73650.00   0.5514  4
73700.01   0.5813  5
73750.00   0.6448  7
73800.00   0.4700  1
73850.00   0.5813  5
73900.00   0.4700  1
73950.00   0.6448  7
74000.00   0.5514  4
74050.00   0.5813  5
74100.00   0.6121  6
74150.00   0.6121  6
74200.00   0.6448  7
74250.00   0.6121  6
74300.00   0.6121  6
74350.00   0.6448  7
74400.00   0.6448  7
74450.00   0.6121  6
74500.00   0.5514  4
74550.00   0.6121  6
74600.00   0.6121  6
74650.00   0.6448  7
74700.00   0.5514  4
74750.00   0.5236  3
74800.00   0.6121  6
74850.00   0.5514  4
74900.00   0.6121  6
74950.00   0.4700  1
75000.00   0.7134  9
75050.00   0.5514  4
75100.00   0.5236  3
75150.00   0.6448  7
75200.00   0.6448  7
75250.00   0.6121  6
75300.00   0.6121  6
75350.00   0.6121  6
75400.00   0.5813  5
75450.00   0.6121  6
75500.00   0.6776  8
75550.00   0.7134  9
75600.00   0.6121  6
75650.00   0.6776  8
75700.00   0.6776  8
75750.00   0.6776  8
75800.00   0.6448  7
75850.00   0.6448  7
75900.00   0.6121  6
75950.00   0.5813  5
76000.00   0.5514  4
76050.00   0.6121  6
76100.00   0.6121  6
76150.00   0.6776  8
76200.00   0.6121  6
76250.00   0.5514  4
76300.00   0.6448  7
76350.00   0.6121  6
76400.00   0.4700  1
76450.01   0.5813  5
76500.00   0.4968  2
76550.01   0.5813  5
76600.00   0.6121  6
76650.00   0.6121  6
76700.00   0.6121  6
76750.00   0.6448  7
76800.00   0.6448  7
76850.00   0.5514  4
76900.00   0.6448  7
76950.00   0.6121  6
77000.00   0.4968  2
77050.00   0.5813  5
77100.00   0.5813  5
77150.00   0.5813  5
77200.00   0.6121  6
77250.00   0.6121  6
77300.00   0.5813  5
77350.00   0.5813  5
77400.00   0.5514  4
77450.00   0.6448  7
77500.00   0.5813  5
77550.00   0.4968  2
77600.00   0.6121  6
77650.00   0.4968  2
77700.00   0.6121  6
77750.00   0.6776  8
77800.00   0.6121  6
77850.00   0.5236  3
77900.00   0.5813  5
77950.00   0.6121  6
78000.00   0.6121  6
78050.00   0.4700  1
78100.00   0.6448  7
78150.00   0.5514  4
78200.00   0.4700  1
78250.00   0.5514  4
78300.00   0.6121  6
78350.00   0.4968  2
78400.00   0.6121  6
78450.00   0.5813  5
78500.00   0.5236  3
78550.00   0.5236  3
78600.00   0.4968  2
78650.00   0.4700  1
78700.00   0.5813  5
78750.00   0.5236  3
78800.00   0.5514  4
78850.00   0.4968  2
78900.00   0.6448  7
78950.00   0.5236  3
79000.00   0.4968  2
79050.00   0.4968  2
79100.00   0.5514  4
79150.00   0.5514  4
79200.00   0.4700  1
79250.00   0.5813  5
79300.00   0.5514  4
79350.00   0.5514  4
79400.00   0.5813  5
79450.00   0.5236  3
79500.00   0.5514  4
79550.00   0.4968  2
79600.00   0.4700  1
79650.00   0.4968  2
79700.00   0.5236  3
79750.00   0.4968  2
79800.00   0.6121  6
79850.00   0.5813  5
79900.00   0.4968  2
79950.00   0.5813  5
80000.00   0.6448  7
80050.00   0.5514  4
80100.00   0.4968  2
80150.01   0.5236  3
80200.00   0.6448  7
80250.00   0.4700  1
80300.00   0.6776  8
80350.00   0.6448  7
80400.00   0.4968  2
80450.00   0.5236  3
80500.00   0.5813  5
80550.00   0.6121  6
80600.00   0.5514  4
80650.00   0.4700  1
80700.00   0.5236  3
80750.00   0.6448  7
80800.00   0.4968  2
80850.00   0.4968  2
80900.00   0.6121  6
80950.00   0.5813  5
81000.00   0.5514  4
81050.00   0.5236  3
81100.00   0.4700  1
81150.00   0.5514  4
81200.00   0.5236  3
81250.00   0.5813  5
81300.00   0.5514  4
81350.00   0.5236  3
81400.00   0.5514  4
81450.00   0.6448  7
81500.00   0.6121  6
81550.00   0.5236  3
81600.00   0.6121  6
81650.00   0.5236  3
81700.00   0.6448  7
81750.00   0.5813  5
81800.00   0.4968  2
81850.00   0.6121  6
81900.00   0.4700  1
81950.00   0.4968  2
82000.00   0.4700  1
82050.00   0.5236  3
82100.00   0.4968  2
82150.00   0.6448  7
82200.00   0.5236  3
82250.00   0.4968  2
82300.00   0.6121  6
82350.00   0.4700  1
82400.00   0.4700  1
82450.00   0.5236  3
82500.00   0.6121  6
82550.00   0.4700  1
82600.00   0.6121  6
82650.00   0.4700  1
82700.00   0.4968  2
82750.00   0.5813  5
82800.00   0.5813  5
82850.00   0.4968  2
82900.00   0.4700  1
82950.00   0.5236  3
83000.00   0.5813  5
83050.00   0.4968  2
83100.00   0.4968  2
83150.00   0.5236  3
83200.01   0.5514  4
83250.00   0.6448  7
83300.00   0.5813  5
83350.00   0.5813  5
83400.00   0.4968  2
83450.00   0.5514  4
83500.00   0.6121  6
83550.00   0.6448  7
83600.01   0.6121  6
83650.01   0.6448  7
83700.00   0.5813  5
83750.00   0.5514  4
83800.00   0.5514  4
83850.00   0.6121  6
83900.00   0.6448  7
83950.00   0.6121  6
84000.00   0.5514  4
84050.00   0.4968  2
84100.00   0.5236  3
84150.00   0.6448  7
84200.00   0.6121  6
84250.00   0.5813  5
84300.00   0.6448  7
84350.01   0.5813  5
84400.00   0.6121  6
84450.00   0.5813  5
84500.00   0.6448  7
84550.00   0.7134  9
84600.00   0.6121  6
84650.00   0.6448  7
84700.00   0.6121  6
84750.00   0.5813  5
84800.00   0.4968  2
84850.00   0.6121  6
84900.00   0.5514  4
84950.00   0.5813  5
85000.00   0.6776  8
85050.00   0.5236  3
85100.00   0.5514  4
85150.00   0.6121  6
85200.00   0.5514  4
85250.00   0.4968  2
85300.00   0.5236  3
85350.00   0.4968  2
85400.00   0.6121  6
85450.00   0.5514  4
85500.00   0.5514  4
85550.00   0.5236  3
85600.00   0.6448  7
85650.00   0.7134  9
85700.00   0.6121  6
85750.00   0.6121  6
85800.00   0.4700  1
85850.00   0.6448  7
85900.00   0.5813  5
85950.00   0.6121  6
86000.00   0.6448  7
86050.00   0.6448  7
86100.00   0.5813  5
86150.00   0.6776  8
86200.00   0.5813  5
86250.00   0.5514  4
86300.00   0.6448  7
86350.00   0.6121  6
86400.00   0.4968  2
86450.00   0.6448  7
86500.00   0.5236  3
86550.00   0.6776  8
86600.00   0.5813  5
86650.00   0.7134  9
86700.00   0.6121  6
86750.00   0.5813  5
86800.00   0.6121  6
86850.00   0.6121  6
86900.00   0.6776  8
86950.00   0.5514  4
87000.00   0.6121  6
87050.00   0.6448  7
87100.00   0.5813  5
87150.00   0.6448  7
87200.00   0.7492 10
87250.00   0.6776  8
87300.00   0.5813  5
87350.00   0.6448  7
87400.00   0.6448  7
87450.00   0.6448  7
87500.00   0.6121  6
87550.00   0.5514  4
87600.00   0.5514  4
87650.00   0.4968  2
87700.00   0.4968  2
87750.00   0.4700  1
87800.00   0.6121  6
87850.00   0.5813  5
87900.00   0.6121  6
87950.00   0.5514  4
88000.00   0.6121  6
88050.00   0.4700  1
88100.00   0.5813  5
88150.00   0.5813  5
88200.00   0.6121  6
88250.00   0.5514  4
88300.00   0.5514  4
88350.00   0.5236  3
88400.00   0.5813  5
88450.00   0.6448  7
88500.00   0.5813  5
88550.00   0.5236  3
88600.00   0.5236  3
88650.00   0.5236  3
88700.00   0.5514  4
88750.00   0.5514  4
88800.00   0.6448  7
88850.00   0.5236  3
88900.00   0.4968  2
88950.00   0.4700  1
89000.00   0.6448  7
89050.00   0.5236  3
89100.00   0.4968  2
89150.00   0.5514  4
89200.00   0.6776  8
89250.00   0.6121  6
89300.00   0.6776  8
89350.00   0.5236  3
89400.00   0.5236  3
89450.00   0.4968  2
89500.00   0.4968  2
89550.00   0.5236  3
89600.00   0.4968  2
89650.00   0.4968  2
89700.00   0.5236  3
89750.00   0.6121  6
89800.00   0.4968  2
89850.00   0.5514  4
89900.00   0.4700  1
89950.00   0.6448  7
90000.00   0.4968  2
90050.00   0.5236  3
90100.00   0.6121  6
90150.00   0.4968  2
90200.00   0.5236  3
90250.00   0.4968  2
90300.00   0.5813  5
90350.00   0.4968  2
90400.00   0.6448  7
90450.00   0.4968  2
90500.00   0.4968  2
90550.00   0.4700  1
90600.00   0.5236  3
90650.00   0.6121  6
90700.00   0.4968  2
90750.00   0.5813  5
90800.00   0.4968  2
90850.00   0.5813  5
90900.01   0.5236  3
90950.00   0.6121  6
91000.00   0.4700  1
91050.00   0.4968  2
91100.00   0.5236  3
91150.00   0.5236  3
91200.00   0.4700  1
91250.00   0.5813  5
91300.00   0.6448  7
91350.00   0.5236  3
91400.00   0.4700  1
91450.00   0.6776  8
91500.00   0.6121  6
91550.00   0.6121  6
91600.00   0.5236  3
91650.00   0.5813  5
91700.00   0.4968  2
91750.00   0.5236  3
91800.00   0.6121  6
91850.00   0.6121  6
91900.00   0.4968  2
91950.00   0.4968  2
92000.00   0.6448  7
92050.00   0.4700  1
92100.00   0.4968  2
92150.00   0.6121  6
92200.00   0.5514  4
92250.00   0.4968  2
92300.00   0.6448  7
92350.00   0.4700  1
92400.00   0.5813  5
92450.00   0.6121  6
92500.00   0.5514  4
92550.00   0.4700  1
92600.00   0.5236  3
92650.00   0.4700  1
92700.01   0.5514  4
92750.00   0.5813  5
92800.00   0.5514  4
92850.00   0.4700  1
92900.00   0.5813  5
92950.00   0.5514  4
93000.00   0.5514  4
93050.00   0.5813  5
93100.00   0.5236  3
93150.00   0.4968  2
93200.00   0.4968  2
93250.00   0.5813  5
93300.00   0.6121  6
93350.00   0.4700  1
93400.00   0.4700  1
93450.00   0.6121  6
93500.00   0.5813  5
93550.00   0.5514  4
93600.00   0.6121  6
93650.00   0.4700  1
93700.00   0.5236  3
93750.00   0.6448  7
93800.00   0.6121  6
93850.00   0.6121  6
93900.00   0.5236  3
93950.00   0.4968  2
94000.00   0.6121  6
94050.00   0.6121  6
94100.00   0.4968  2
94150.00   0.5236  3
94200.00   0.4968  2
94250.00   0.5813  5
94300.00   0.4700  1
94350.00   0.4700  1
94400.00   0.5514  4
94450.00   0.4700  1
94500.00   0.4700  1
94550.00   0.4968  2
94600.00   0.6448  7
94650.00   0.4968  2
94700.00   0.4968  2
94750.00   0.4700  1
94800.00   0.5514  4
94850.00   0.6776  8
94900.00   0.5514  4
94950.00   0.6448  7
95000.00   0.6121  6
95050.00   0.4968  2
95100.00   0.5813  5
95150.00   0.4700  1
95200.00   0.5813  5
95250.00   0.6121  6
95300.00   0.4968  2
95350.00   0.4700  1
95400.00   0.4700  1
95450.00   0.4968  2
95500.00   0.4700  1
95550.00   0.4700  1
95600.00   0.4700  1
95650.00   0.5236  3
95700.00   0.4700  1
95750.00   0.5813  5
95800.00   0.4968  2
95850.00   0.5236  3
95900.00   0.4700  1
95950.00   0.4968  2
96000.00   0.4700  1
96050.00   0.4968  2
96100.00   0.4968  2
96150.00   0.5514  4
96200.00   0.4700  1
96250.00   0.4968  2
96300.00   0.5514  4
96350.00   0.5514  4
96400.00   0.5514  4
96450.00   0.5236  3
96500.00   0.6448  7
96550.00   0.6448  7
96600.00   0.6121  6
96650.00   0.6776  8
96700.00   0.6448  7
96750.00   0.6121  6
96800.00   0.5514  4
96850.00   0.5514  4
96900.00   0.6448  7
96950.00   0.5236  3
97000.00   0.5514  4
97050.00   0.6121  6
97100.00   0.6121  6
97150.00   0.5813  5
97200.00   0.5514  4
97250.00   0.6448  7
97300.00   0.6448  7
97350.00   0.6121  6
97400.00   0.6448  7
97450.00   0.6448  7
97500.00   0.6448  7
97550.00   0.5813  5
97600.00   0.5236  3
97650.00   0.6776  8
97700.00   0.6121  6
97750.00   0.5236  3
97800.00   0.5813  5
97850.00   0.6776  8
97900.00   0.5514  4
97950.00   0.6448  7
98000.00   0.6121  6
98050.00   0.5514  4
98100.00   0.6121  6
98150.00   0.6121  6
98200.00   0.5813  5
98250.00   0.6448  7
98300.00   0.5514  4
98350.00   0.7134  9
98400.00   0.5236  3
98450.00   0.6448  7
98500.00   0.6121  6
98550.00   0.5236  3
98600.00   0.6776  8
98650.00   0.5514  4
98700.00   0.6448  7
98750.00   0.6448  7
98800.00   0.5514  4
98850.00   0.6121  6
98900.00   0.6121  6
98950.00   0.6121  6
99000.00   0.6121  6
99050.00   0.5514  4
99100.00   0.5514  4
99150.00   0.5813  5
99200.00   0.5236  3
99250.00   0.6121  6
99300.00   0.6121  6
99350.00   0.5514  4
99400.00   0.6448  7
99450.00   0.5813  5
99500.00   0.5813  5
99550.00   0.5514  4
99600.00   0.5813  5
99650.00   0.6121  6
99700.00   0.6121  6
99750.00   0.6121  6
99800.00   0.5514  4
99850.00   0.5813  5
99900.00   0.5813  5
99950.00   0.6448  7
100000.00   0.5813  5
