50.00   0.4968  2
100.00   0.6448  7
150.00   0.6448  7
200.00   0.5514  4
250.00   0.6448  7
300.00   0.6448  7
350.00   0.6448  7
400.00   0.6121  6
450.00   0.6776  8
500.00   0.6448  7
550.00   0.6776  8
600.00   0.6776  8
650.00   0.5813  5
700.00   0.5514  4
750.00   0.7492 10
800.00   0.6776  8
850.00   0.7869 11
900.00   0.6448  7
950.00   0.5236  3
1000.00   0.6776  8
1050.00   0.5813  5
1100.00   0.6776  8
1150.00   0.6448  7
1200.01   0.6121  6
1250.00   0.7492 10
1300.00   0.6448  7
1350.00   0.6448  7
1400.00   0.7134  9
1450.00   0.6776  8
1500.00   0.6448  7
1550.00   0.5813  5
1600.00   0.6448  7
1650.00   0.6121  6
1700.00   0.7134  9
1750.00   0.5813  5
1800.01   0.6448  7
1850.00   0.7492 10
1900.00   0.8267 12
1950.00   0.7492 10
2000.00   0.6448  7
2050.00   0.6776  8
2100.00   0.6776  8
2150.00   0.7134  9
2200.00   0.6776  8
2250.00   0.6121  6
2300.00   0.6776  8
2350.00   0.6121  6
2400.00   0.5813  5
2450.00   0.7134  9
2500.00   0.6121  6
2550.00   0.6448  7
2600.00   0.7134  9
2650.00   0.7134  9
2700.00   0.7492 10
2750.00   0.5813  5
2800.00   0.6448  7
2850.00   0.6776  8
2900.00   0.7134  9
2950.00   0.6776  8
3000.00   0.6776  8
3050.00   0.6121  6
3100.00   0.6448  7
3150.00   0.6776  8
3200.00   0.6121  6
3250.00   0.6448  7
3300.00   0.6448  7
3350.00   0.6448  7
3400.00   0.5236  3
3450.00   0.5514  4
3500.00   0.6121  6
3550.00   0.5813  5
3600.00   0.7134  9
3650.00   0.6121  6
3700.00   0.6448  7
3750.00   0.6121  6
3800.00   0.6776  8
3850.00   0.6776  8
3900.00   0.5813  5
3950.00   0.5813  5
4000.00   0.4968  2
4050.00   0.6776  8
4100.00   0.6448  7
4150.00   0.6448  7
4200.00   0.6448  7
4250.00   0.7492 10
4300.00   0.7134  9
4350.00   0.6448  7
4400.00   0.5514  4
4450.00   0.6121  6
4500.00   0.6448  7
4550.00   0.5514  4
4600.01   0.5813  5
4650.00   0.5813  5
4700.00   0.6121  6
4750.00   0.5813  5
4800.00   0.6121  6
4850.00   0.6121  6
4900.00   0.5514  4
4950.00   0.6121  6
5000.00   0.6448  7
5050.00   0.7134  9
5100.00   0.6121  6
5150.00   0.5236  3
5200.00   0.6121  6
5250.00   0.6448  7
5300.00   0.6121  6
5350.00   0.5514  4
5400.00   0.6121  6
5450.00   0.6121  6
5500.00   0.5813  5
5550.00   0.5813  5
5600.00   0.6776  8
5650.00   0.6776  8
5700.00   0.6448  7
5750.00   0.6121  6
5800.00   0.5514  4
5850.00   0.5813  5
5900.00   0.5514  4
5950.00   0.5236  3
6000.00   0.6121  6
6050.00   0.5236  3
6100.00   0.5236  3
6150.00   0.5813  5
6200.00   0.5813  5
6250.00   0.7492 10
6300.00   0.6448  7
6350.00   0.5514  4
6400.00   0.5514  4
6450.00   0.6448  7
6500.00   0.7134  9
6550.00   0.6121  6
6600.00   0.5236  3
6650.00   0.5236  3
6700.00   0.5514  4
6750.00   0.6776  8
6800.00   0.4968  2
6850.00   0.6121  6
6900.00   0.5813  5
6950.00   0.5514  4
7000.00   0.7134  9
7050.00   0.6448  7
7100.00   0.6121  6
7150.00   0.6121  6
7200.00   0.4700  1
7250.00   0.6448  7
7300.00   0.4968  2
7350.00   0.6448  7
7400.00   0.5813  5
7450.00   0.5813  5
7500.00   0.6121  6
7550.00   0.6121  6
7600.00   0.4968  2
7650.00   0.5514  4
7700.00   0.5514  4
7750.00   0.6448  7
7800.00   0.4700  1
7850.00   0.5813  5
7900.00   0.4968  2
7950.00   0.5514  4
8000.00   0.5813  5
8050.00   0.6448  7
8100.00   0.4968  2
8150.00   0.5813  5
8200.00   0.4968  2
8250.00   0.5514  4
8300.00   0.6121  6
8350.00   0.5813  5
8400.00   0.5236  3
8450.00   0.6776  8
8500.00   0.5514  4
8550.00   0.6448  7
8600.00   0.5514  4
8650.00   0.6121  6
8700.00   0.6121  6
8750.00   0.6121  6
8800.00   0.6121  6
8850.00   0.5813  5
8900.00   0.5514  4
8950.00   0.6448  7
9000.00   0.6776  8
9050.00   0.5514  4
9100.00   0.6121  6
9150.00   0.6121  6
9200.01   0.5813  5
9250.00   0.6121  6
9300.00   0.6448  7
9350.00   0.6776  8
9400.00   0.6776  8
9450.00   0.6448  7
9500.00   0.6121  6
9550.00   0.4968  2
9600.00   0.7492 10
9650.00   0.5813  5
9700.00   0.5514  4
9750.00   0.5813  5
9800.00   0.4968  2
9850.00   0.6776  8
9900.00   0.7134  9
9950.00   0.7134  9
10000.00   0.6448  7
10050.00   0.6776  8
10100.00   0.6121  6
10150.00   0.6121  6
10200.00   0.5813  5
10250.00   0.5813  5
10300.00   0.4968  2
10350.00   0.6121  6
10400.00   0.6776  8
10450.00   0.6448  7
10500.00   0.5236  3
10550.00   0.6776  8
10600.00   0.6448  7
10650.00   0.6121  6
10700.00   0.6121  6
10750.00   0.6121  6
10800.00   0.5236  3
10850.00   0.6121  6
10900.00   0.5813  5
10950.00   0.6448  7
11000.00   0.7134  9
11050.00   0.5514  4
11100.00   0.6448  7
11150.00   0.6448  7
11200.00   0.7134  9
11250.00   0.6121  6
11300.00   0.5813  5
11350.00   0.4968  2
11400.00   0.6121  6
11450.00   0.5813  5
11500.00   0.6776  8
11550.00   0.6776  8
11600.00   0.5813  5
11650.00   0.5236  3
11700.00   0.5236  3
11750.00   0.5514  4
11800.00   0.6448  7
11850.00   0.5514  4
11900.00   0.6448  7
11950.00   0.6448  7
12000.00   0.6448  7
12050.00   0.6776  8
12100.00   0.6448  7
12150.00   0.6448  7
12200.00   0.6776  8
12250.00   0.6448  7
12300.00   0.6448  7
12350.00   0.5514  4
12400.00   0.5236  3
12450.00   0.6448  7
12500.00   0.6776  8
12550.00   0.6448  7
12600.00   0.6448  7
12650.01   0.5514  4
12700.00   0.5236  3
12750.00   0.6121  6
12800.00   0.5514  4
12850.00   0.5236  3
12900.00   0.6121  6
12950.00   0.5236  3
13000.00   0.6776  8
13050.00   0.6776  8
13100.00   0.5813  5
13150.00   0.6776  8
13200.00   0.6448  7
13250.00   0.5813  5
13300.00   0.7134  9
13350.00   0.6121  6
13400.00   0.6776  8
13450.00   0.7492 10
13500.00   0.6448  7
13550.00   0.6776  8
13600.00   0.6448  7
13650.00   0.6776  8
13700.00   0.6121  6
13750.00   0.5813  5
13800.00   0.6121  6
13850.00   0.6776  8
13900.00   0.6776  8
13950.00   0.7134  9
14000.00   0.6448  7
14050.00   0.6776  8
14100.00   0.6776  8
14150.00   0.8267 12
14200.00   0.6776  8
14250.00   0.6776  8
14300.00   0.6776  8
14350.00   0.5236  3
14400.00   0.6776  8
14450.01   0.6776  8
14500.00   0.6776  8
14550.00   0.6776  8
14600.00   0.7134  9
14650.00   0.6776  8
14700.00   0.6448  7
14750.00   0.6776  8
14800.00   0.6776  8
14850.00   0.6776  8
14900.00   0.6448  7
14950.00   0.6448  7
15000.00   0.5813  5
15050.00   0.7492 10
15100.00   0.6776  8
15150.00   0.7869 11
15200.00   0.7134  9
15250.00   0.6448  7
15300.00   0.6776  8
15350.00   0.6776  8
15400.00   0.5514  4
15450.00   0.6448  7
15500.00   0.6121  6
15550.00   0.7492 10
15600.00   0.6448  7
15650.00   0.6448  7
15700.00   0.6776  8
15750.00   0.6448  7
15800.00   0.6121  6
15850.00   0.7492 10
15900.00   0.6448  7
15950.00   0.6448  7
16000.00   0.7134  9
16050.00   0.7134  9
16100.00   0.6121  6
16150.00   0.6121  6
16200.00   0.5813  5
16250.00   0.6776  8
16300.00   0.6776  8
16350.00   0.7134  9
16400.00   0.6776  8
16450.00   0.6121  6
16500.00   0.6776  8
16550.00   0.7134  9
16600.00   0.7492 10
16650.01   0.6776  8
16700.00   0.7134  9
16750.00   0.5813  5
16800.00   0.5813  5
16850.00   0.4968  2
16900.00   0.6121  6
16950.00   0.5514  4
17000.00   0.6121  6
17050.00   0.5236  3
17100.00   0.6776  8
17150.00   0.7134  9
17200.00   0.6776  8
17250.00   0.5813  5
17300.00   0.7134  9
17350.01   0.6121  6
17400.00   0.6121  6
17450.00   0.6776  8
17500.00   0.6448  7
17550.00   0.6448  7
17600.00   0.6448  7
17650.01   0.7134  9
17700.00   0.6776  8
17750.00   0.8267 12
17800.00   0.6121  6
17850.00   0.7492 10
17900.00   0.8267 12
17950.00   0.6121  6
18000.00   0.6776  8
18050.00   0.6776  8
18100.00   0.5236  3
18150.00   0.6448  7
18200.00   0.5813  5
18250.00   0.6121  6
18300.00   0.6448  7
18350.00   0.4700  1
18400.00   0.6121  6
18450.00   0.6448  7
18500.00   0.5236  3
18550.00   0.6448  7
18600.00   0.5813  5
18650.00   0.5813  5
18700.00   0.4968  2
18750.00   0.7134  9
18800.00   0.6776  8
18850.00   0.5813  5
18900.00   0.6776  8
18950.00   0.6776  8
19000.00   0.6448  7
19050.00   0.6121  6
19100.00   0.6776  8
19150.00   0.5514  4
19200.00   0.5514  4
19250.00   0.6776  8
19300.00   0.6776  8
19350.00   0.6448  7
19400.00   0.5514  4
19450.00   0.5514  4
19500.00   0.5514  4
19550.00   0.6776  8
19600.00   0.4968  2
19650.00   0.6121  6
19700.00   0.5514  4
19750.00   0.4700  1
19800.00   0.6448  7
19850.00   0.6448  7
19900.00   0.5813  5
19950.00   0.6776  8
20000.00   0.6448  7
20050.01   0.7134  9
20100.00   0.6121  6
20150.01   0.6776  8
20200.01   0.5813  5
20250.00   0.7134  9
20300.00   0.6776  8
20350.00   0.6776  8
20400.00   0.6448  7
20450.00   0.6776  8
20500.00   0.6448  7
20550.00   0.6448  7
20600.00   0.7134  9
20650.00   0.7492 10
20700.00   0.6776  8
20750.00   0.6776  8
20800.00   0.6448  7
20850.00   0.5813  5
20900.00   0.6776  8
20950.00   0.6776  8
21000.00   0.6448  7
21050.00   0.6776  8
21100.00   0.7134  9
21150.00   0.7134  9
21200.00   0.6448  7
21250.00   0.6776  8
21300.00   0.7134  9
21350.00   0.6776  8
21400.00   0.6448  7
21450.00   0.4700  1
21500.00   0.6448  7
21550.00   0.6776  8
21600.00   0.5813  5
21650.00   0.6448  7
21700.00   0.6121  6
21750.01   0.5813  5
21800.00   0.4968  2
21850.00   0.6121  6
21900.00   0.5813  5
21950.00   0.4968  2
22000.00   0.4968  2
22050.00   0.4700  1
22100.00   0.4700  1
22150.00   0.4700  1
22200.00   0.6121  6
22250.00   0.5514  4
22300.00   0.5813  5
22350.00   0.4700  1
22400.00   0.4968  2
22450.00   0.6448  7
22500.00   0.4968  2
22550.00   0.6121  6
22600.00   0.6121  6
22650.00   0.6776  8
22700.00   0.6121  6
22750.00   0.4700  1
22800.00   0.6121  6
22850.00   0.5514  4
22900.00   0.6121  6
22950.00   0.5813  5
23000.00   0.4968  2
23050.00   0.5236  3
23100.00   0.4700  1
23150.00   0.6121  6
23200.00   0.6121  6
23250.00   0.5813  5
23300.00   0.5236  3
23350.00   0.5813  5
23400.00   0.4968  2
23450.00   0.6121  6
23500.00   0.5514  4
23550.00   0.6448  7
23600.00   0.5813  5
23650.00   0.6448  7
23700.00   0.5813  5
23750.00   0.7134  9
23800.00   0.6776  8
23850.00   0.6448  7
23900.00   0.6776  8
23950.00   0.5236  3
24000.00   0.5813  5
24050.00   0.6448  7
24100.00   0.5236  3
24150.00   0.6121  6
24200.00   0.6776  8
24250.00   0.6448  7
24300.00   0.6121  6
24350.00   0.6776  8
24400.00   0.6776  8
24450.00   0.5813  5
24500.00   0.6776  8
24550.00   0.6448  7
24600.00   0.6448  7
24650.00   0.6776  8
24700.00   0.5813  5
24750.00   0.6776  8
24800.00   0.6776  8
24850.00   0.6448  7
24900.00   0.6776  8
24950.00   0.6776  8
25000.00   0.6448  7
25050.00   0.7134  9
25100.00   0.6121  6
25150.00   0.6448  7
25200.00   0.5514  4
25250.00   0.6121  6
25300.00   0.6121  6
25350.00   0.6448  7
25400.00   0.6448  7
25450.00   0.6448  7
25500.00   0.6776  8
25550.00   0.5236  3
25600.00   0.6121  6
25650.00   0.6448  7
25700.00   0.6776  8
25750.00   0.5236  3
25800.00   0.6121  6
25850.00   0.6121  6
25900.00   0.4968  2
25950.00   0.6776  8
26000.00   0.5813  5
26050.00   0.5813  5
26100.00   0.5514  4
26150.00   0.6776  8
26200.00   0.6776  8
26250.00   0.6448  7
26300.00   0.7492 10
26350.00   0.6448  7
26400.00   0.6121  6
26450.00   0.6448  7
26500.00   0.7134  9
26550.00   0.6448  7
26600.00   0.6776  8
26650.00   0.5514  4
26700.00   0.6448  7
26750.00   0.5236  3
26800.00   0.5813  5
26850.00   0.4968  2
26900.00   0.6121  6
26950.00   0.6776  8
27000.00   0.6776  8
27050.00   0.4968  2
27100.00   0.6448  7
27150.00   0.5514  4
27200.00   0.4968  2
27250.00   0.4700  1
27300.00   0.4968  2
27350.00   0.4700  1
27400.00   0.5514  4
27450.00   0.5514  4
27500.00   0.5514  4
27550.00   0.5813  5
27600.00   0.6776  8
27650.00   0.5236  3
27700.00   0.4968  2
27750.00   0.5813  5
27800.00   0.4968  2
27850.00   0.4968  2
27900.00   0.5514  4
27950.00   0.5236  3
28000.00   0.5514  4
28050.00   0.5813  5
28100.00   0.4968  2
28150.00   0.5514  4
28200.00   0.6448  7
28250.00   0.4700  1
28300.00   0.5236  3
28350.00   0.4700  1
28400.00   0.4968  2
28450.00   0.5236  3
28500.00   0.5236  3
28550.00   0.4968  2
28600.00   0.5236  3
28650.00   0.4968  2
28700.00   0.4700  1
28750.00   0.5813  5
28800.00   0.5514  4
28850.00   0.5514  4
28900.00   0.5514  4
28950.00   0.6776  8
29000.00   0.5236  3
29050.00   0.5813  5
29100.00   0.7134  9
29150.00   0.5514  4
29200.00   0.6121  6
29250.00   0.6776  8
29300.00   0.5236  3
29350.00   0.5813  5
29400.00   0.6776  8
29450.00   0.4968  2
29500.00   0.4700  1
29550.00   0.6448  7
29600.00   0.5813  5
29650.00   0.4700  1
29700.00   0.5813  5
29750.00   0.4700  1
29800.00   0.6448  7
29850.00   0.6776  8
29900.00   0.5813  5
29950.00   0.4968  2
30000.00   0.5813  5
30050.00   0.5236  3
30100.00   0.4700  1
30150.00   0.5813  5
30200.00   0.6448  7
30250.00   0.4968  2
30300.00   0.4700  1
30350.00   0.5236  3
30400.00   0.5514  4
30450.00   0.6121  6
30500.00   0.5813  5
30550.00   0.4700  1
30600.00   0.5514  4
30650.00   0.4968  2
30700.00   0.5236  3
30750.00   0.4700  1
30800.00   0.4700  1
30850.00   0.4968  2
30900.00   0.6448  7
30950.00   0.5514  4
31000.00   0.5813  5
31050.00   0.4968  2
31100.00   0.5813  5
31150.00   0.5514  4
31200.00   0.5514  4
31250.00   0.4700  1
31300.00   0.5514  4
31350.00   0.5514  4
31400.00   0.5813  5
31450.00   0.6776  8
31500.00   0.5813  5
31550.00   0.6121  6
31600.00   0.6448  7
31650.00   0.6448  7
31700.00   0.5813  5
31750.00   0.6448  7
31800.00   0.4968  2
31850.00   0.4700  1
31900.00   0.6121  6
31950.00   0.6448  7
32000.00   0.6448  7
32050.00   0.6448  7
32100.00   0.6448  7
32150.00   0.4968  2
32200.00   0.5514  4
32250.00   0.4968  2
32300.00   0.4700  1
32350.00   0.4968  2
32400.00   0.5514  4
32450.00   0.6776  8
32500.00   0.4700  1
32550.00   0.4968  2
32600.00   0.6776  8
32650.00   0.7134  9
32700.00   0.5236  3
32750.00   0.5514  4
32800.00   0.4968  2
32850.00   0.5514  4
32900.00   0.4968  2
32950.00   0.5236  3
33000.00   0.6121  6
33050.00   0.5514  4
33100.00   0.4700  1
33150.00   0.5236  3
33200.00   0.5236  3
33250.00   0.5236  3
33300.00   0.6121  6
33350.00   0.5514  4
33400.00   0.6121  6
33450.00   0.4968  2
33500.00   0.5514  4
33550.00   0.6776  8
33600.00   0.6448  7
33650.00   0.4968  2
33700.00   0.5514  4
33750.00   0.6121  6
33800.00   0.5236  3
33850.00   0.6776  8
33900.00   0.5236  3
33950.00   0.4968  2
34000.00   0.5514  4
34050.00   0.4968  2
34100.00   0.5514  4
34150.00   0.7869 11
34200.00   0.6448  7
34250.00   0.5813  5
34300.00   0.5813  5
34350.00   0.5813  5
34400.00   0.5514  4
34450.00   0.6448  7
34500.00   0.5236  3
34550.00   0.5236  3
34600.00   0.6121  6
34650.00   0.6121  6
34700.00   0.5813  5
34750.00   0.6121  6
34800.00   0.6776  8
34850.00   0.7134  9
34900.00   0.5813  5
34950.00   0.6448  7
35000.00   0.5514  4
35050.00   0.4968  2
35100.00   0.4700  1
35150.00   0.5813  5
35200.00   0.4700  1
35250.00   0.6121  6
35300.00   0.6776  8
35350.00   0.4968  2
35400.00   0.4700  1
35450.00   0.4700  1
35500.00   0.6776  8
35550.00   0.5813  5
35600.00   0.6776  8
35650.00   0.5514  4
35700.01   0.5236  3
35750.00   0.4968  2
35800.00   0.4968  2
35850.00   0.6448  7
35900.00   0.5813  5
35950.00   0.6776  8
36000.00   0.5236  3
36050.00   0.6776  8
36100.00   0.6448  7
36150.00   0.6776  8
36200.00   0.6121  6
36250.00   0.7492 10
36300.00   0.5236  3
36350.00   0.6448  7
36400.00   0.5813  5
36450.00   0.4968  2
36500.00   0.6121  6
36550.00   0.6776  8
36600.00   0.6121  6
36650.00   0.6776  8
36700.00   0.6121  6
36750.00   0.6121  6
36800.00   0.5514  4
36850.00   0.6776  8
36900.00   0.6121  6
36950.00   0.6121  6
37000.00   0.4700  1
37050.00   0.6776  8
37100.00   0.6121  6
37150.00   0.6776  8
37200.00   0.6448  7
37250.00   0.5813  5
37300.00   0.5813  5
37350.00   0.6448  7
37400.00   0.6448  7
37450.00   0.5813  5
37500.00   0.6121  6
37550.00   0.5813  5
37600.00   0.6776  8
37650.00   0.6448  7
37700.00   0.6776  8
37750.00   0.6776  8
37800.00   0.5813  5
37850.00   0.4968  2
37900.00   0.6776  8
37950.00   0.6448  7
38000.00   0.6448  7
38050.00   0.7134  9
38100.00   0.6448  7
38150.00   0.6121  6
38200.00   0.6776  8
38250.00   0.6776  8
38300.00   0.6776  8
38350.00   0.5813  5
38400.00   0.5813  5
38450.00   0.6448  7
38500.00   0.5236  3
38550.00   0.5813  5
38600.00   0.5813  5
38650.00   0.6448  7
38700.00   0.6776  8
38750.00   0.6448  7
38800.00   0.6448  7
38850.00   0.5514  4
38900.00   0.5813  5
38950.00   0.6448  7
39000.00   0.5514  4
39050.00   0.5813  5
39100.00   0.5514  4
39150.00   0.6121  6
39200.00   0.6448  7
39250.00   0.6121  6
39300.00   0.5236  3
39350.00   0.6776  8
39400.00   0.5514  4
39450.00   0.6776  8
39500.00   0.6121  6
39550.00   0.7134  9
39600.00   0.6121  6
39650.00   0.6776  8
39700.00   0.6776  8
39750.00   0.6776  8
39800.00   0.5236  3
39850.00   0.4700  1
39900.00   0.4968  2
39950.00   0.4968  2
40000.00   0.5813  5
40050.00   0.4968  2
40100.00   0.5514  4
40150.00   0.4968  2
40200.00   0.5236  3
40250.00   0.4700  1
40300.00   0.5514  4
40350.00   0.5514  4
40400.00   0.4968  2
40450.00   0.4700  1
40500.00   0.4968  2
40550.00   0.5514  4
40600.00   0.5813  5
40650.00   0.5236  3
40700.00   0.5813  5
40750.00   0.6121  6
40800.00   0.6121  6
40850.00   0.5236  3
40900.00   0.5514  4
40950.00   0.6121  6
41000.00   0.4700  1
41050.00   0.5514  4
41100.00   0.4700  1
41150.00   0.4968  2
41200.00   0.4700  1
41250.00   0.5236  3
41300.00   0.4968  2
41350.00   0.5236  3
41400.00   0.6121  6
41450.00   0.6121  6
41500.00   0.6448  7
41550.00   0.5813  5
41600.00   0.5813  5
41650.00   0.7134  9
41700.00   0.5514  4
41750.00   0.5236  3
41800.00   0.6448  7
41850.00   0.5514  4
41900.00   0.6448  7
41950.00   0.6776  8
42000.00   0.5514  4
42050.00   0.6121  6
42100.00   0.5236  3
42150.00   0.5514  4
42200.00   0.5514  4
42250.00   0.5514  4
42300.00   0.4968  2
42350.00   0.4968  2
42400.00   0.4700  1
42450.00   0.6121  6
42500.00   0.4968  2
42550.00   0.5514  4
42600.00   0.5514  4
42650.00   0.5514  4
42700.00   0.5813  5
42750.00   0.4968  2
42800.00   0.4968  2
42850.00   0.4700  1
42900.00   0.5236  3
42950.00   0.4700  1
43000.00   0.6121  6
43050.00   0.5813  5
43100.00   0.7134  9
43150.00   0.6448  7
43200.00   0.5813  5
43250.00   0.5813  5
43300.00   0.5236  3
43350.00   0.5813  5
43400.00   0.5514  4
43450.00   0.5236  3
43500.00   0.5236  3
43550.00   0.5514  4
43600.00   0.5514  4
43650.00   0.5514  4
43700.00   0.5813  5
43750.00   0.5236  3
43800.00   0.5236  3
43850.00   0.4968  2
43900.00   0.5514  4
43950.00   0.7134  9
44000.00   0.4968  2
44050.00   0.5236  3
44100.00   0.6121  6
44150.00   0.4700  1
44200.00   0.4700  1
44250.00   0.6121  6
44300.00   0.5236  3
44350.00   0.4700  1
44400.00   0.5236  3
44450.00   0.6121  6
44500.00   0.5514  4
44550.00   0.4968  2
44600.00   0.4968  2
44650.00   0.4968  2
44700.00   0.6776  8
44750.00   0.5236  3
44800.00   0.5813  5
44850.00   0.4968  2
44900.00   0.4700  1
44950.00   0.5813  5
45000.00   0.6448  7
45050.00   0.5236  3
45100.00   0.4968  2
45150.00   0.4700  1
45200.00   0.4968  2
45250.00   0.5514  4
45300.00   0.5813  5
45350.00   0.5813  5
45400.00   0.5813  5
45450.00   0.6121  6
45500.00   0.5813  5
45550.00   0.4700  1
45600.01   0.5514  4
45650.00   0.6448  7
45700.00   0.5514  4
45750.00   0.6448  7
45800.00   0.6448  7
45850.00   0.5813  5
45900.00   0.5514  4
45950.00   0.5813  5
46000.00   0.4968  2
46050.00   0.4700  1
46100.00   0.6448  7
46150.00   0.5514  4
46200.00   0.4968  2
46250.00   0.5236  3
46300.00   0.5813  5
46350.00   0.4700  1
46400.00   0.5514  4
46450.00   0.5236  3
46500.00   0.4968  2
46550.00   0.5236  3
46600.00   0.4968  2
46650.00   0.5813  5
46700.01   0.5514  4
46750.00   0.5813  5
46800.00   0.5236  3
46850.00   0.4700  1
46900.00   0.4968  2
46950.00   0.5236  3
47000.00   0.5514  4
47050.00   0.5813  5
47100.00   0.4700  1
47150.00   0.6121  6
47200.00   0.5514  4
47250.00   0.6121  6
47300.00   0.5514  4
47350.00   0.6776  8
47400.00   0.5813  5
47450.00   0.4968  2
47500.00   0.5236  3
47550.00   0.4968  2
47600.00   0.4700  1
47650.00   0.4700  1
47700.00   0.6776  8
47750.00   0.5514  4
47800.00   0.5813  5
47850.00   0.6776  8
47900.00   0.6121  6
47950.00   0.6776  8
48000.00   0.6121  6
48050.00   0.4968  2
48100.00   0.5236  3
48150.00   0.4968  2
48200.00   0.5236  3
48250.00   0.4968  2
48300.00   0.5813  5
48350.00   0.4968  2
48400.00   0.4700  1
48450.00   0.5813  5
48500.00   0.4968  2
48550.00   0.4700  1
48600.00   0.7134  9
48650.00   0.6121  6
48700.00   0.6448  7
48750.00   0.5514  4
48800.00   0.4700  1
48850.00   0.5813  5
48900.01   0.5514  4
48950.00   0.5813  5
49000.00   0.6121  6
49050.00   0.5514  4
49100.00   0.7134  9
49150.00   0.6121  6
49200.00   0.5514  4
49250.00   0.5236  3
49300.00   0.6121  6
49350.00   0.5236  3
49400.00   0.6121  6
49450.00   0.4968  2
49500.00   0.4700  1
49550.00   0.5813  5
49600.00   0.5813  5
49650.00   0.5514  4
49700.00   0.6776  8
49750.00   0.6448  7
49800.00   0.5514  4
49850.00   0.4968  2
49900.00   0.5236  3
49950.00   0.4700  1
50000.00   0.6448  7
50050.00   0.5514  4
50100.00   0.6121  6
50150.00   0.6448  7
50200.00   0.4968  2
50250.00   0.4700  1
50300.00   0.5813  5
50350.00   0.5813  5
50400.00   0.4968  2
50450.00   0.5813  5
50500.00   0.5514  4
50550.00   0.5514  4
50600.00   0.4700  1
50650.00   0.7134  9
50700.00   0.4700  1
50750.00   0.5236  3
50800.00   0.6121  6
50850.00   0.4700  1
50900.00   0.5236  3
50950.00   0.5813  5
51000.00   0.5813  5
51050.00   0.5236  3
51100.01   0.5813  5
51150.00   0.6448  7
51200.00   0.7134  9
51250.00   0.7134  9
51300.00   0.5813  5
51350.00   0.4968  2
51400.00   0.5514  4
51450.00   0.5813  5
51500.00   0.6448  7
51550.00   0.4968  2
51600.00   0.6121  6
51650.00   0.6121  6
51700.00   0.7134  9
51750.00   0.6776  8
51800.00   0.6776  8
51850.00   0.7134  9
51900.00   0.7134  9
51950.00   0.6121  6
52000.00   0.7134  9
52050.00   0.7134  9
52100.00   0.7134  9
52150.00   0.6448  7
52200.00   0.6121  6
52250.00   0.6776  8
52300.00   0.6776  8
52350.00   0.7869 11
52400.00   0.7134  9
52450.00   0.7492 10
52500.00   0.7134  9
52550.00   0.7492 10
52600.00   0.8267 12
52650.00   0.7492 10
52700.00   0.8267 12
52750.00   0.7134  9
52800.00   0.8267 12
52850.00   0.7492 10
52900.00   0.7492 10
52950.00   0.8267 12
53000.00   0.6776  8
53050.00   0.7134  9
53100.00   0.7134  9
53150.00   0.7492 10
53200.00   0.7492 10
53250.00   0.7869 11
53300.00   0.8267 12
53350.00   0.7134  9
53400.00   0.7869 11
53450.00   0.6776  8
53500.00   0.7869 11
53550.00   0.7492 10
53600.00   0.7134  9
53650.00   0.7869 11
53700.00   0.6776  8
53750.00   0.7492 10
53800.00   0.7134  9
53850.00   0.7869 11
53900.00   0.6776  8
53950.00   0.7134  9
54000.00   0.6776  8
54050.00   0.7134  9
54100.00   0.7492 10
54150.00   0.7492 10
54200.00   0.7134  9
54250.00   0.7869 11
54300.00   0.7134  9
54350.00   0.7134  9
54400.00   0.6121  6
54450.00   0.7134  9
54500.00   0.7134  9
54550.00   0.6776  8
54600.00   0.7134  9
54650.00   0.7492 10
54700.00   0.6448  7
54750.00   0.6776  8
54800.00   0.7869 11
54850.00   0.7869 11
54900.00   0.6776  8
54950.01   0.7134  9
55000.00   0.7134  9
55050.00   0.7869 11
55100.00   0.7134  9
55150.00   0.7134  9
55200.00   0.8267 12
55250.00   0.7492 10
55300.00   0.8267 12
55350.00   0.7869 11
55400.00   0.8267 12
55450.00   0.7869 11
55500.00   0.6776  8
55550.00   0.7869 11
55600.00   0.7134  9
55650.00   0.6776  8
55700.00   0.7492 10
55750.00   0.8267 12
55800.00   0.7869 11
55850.00   0.7134  9
55900.00   0.8267 12
55950.00   0.8267 12
56000.00   0.7492 10
56050.00   0.8267 12
56100.00   0.7134  9
56150.00   0.7492 10
56200.00   0.7869 11
56250.00   0.6448  7
56300.00   0.6448  7
56350.00   0.8267 12
56400.00   0.7869 11
56450.00   0.7869 11
56500.00   0.7869 11
56550.00   0.7134  9
56600.00   0.6448  7
56650.00   0.7869 11
56700.00   0.7869 11
56750.00   0.7492 10
56800.00   0.7869 11
56850.00   0.8267 12
56900.00   0.6776  8
56950.00   0.6776  8
57000.00   0.8267 12
57050.00   0.8267 12
57100.00   0.7492 10
57150.00   0.6776  8
57200.00   0.7492 10
57250.00   0.7869 11
57300.01   0.6776  8
57350.00   0.8267 12
57400.00   0.6776  8
57450.00   0.6776  8
57500.00   0.6776  8
57550.00   0.8267 12
57600.00   0.7869 11
57650.00   0.6448  7
57700.00   0.7492 10
57750.00   0.7134  9
57800.00   0.8267 12
57850.00   0.6776  8
57900.00   0.7134  9
57950.00   0.6776  8
58000.00   0.7869 11
58050.00   0.7492 10
58100.00   0.8267 12
58150.00   0.7492 10
58200.00   0.7134  9
58250.00   0.8267 12
58300.00   0.7134  9
58350.00   0.7869 11
58400.00   0.8267 12
58450.00   0.8267 12
58500.00   0.8267 12
58550.00   0.7134  9
58600.00   0.8267 12
58650.00   0.7869 11
58700.00   0.8267 12
58750.00   0.7134  9
58800.00   0.6776  8
58850.00   0.6776  8
58900.00   0.7134  9
58950.00   0.7492 10
59000.00   0.8267 12
59050.00   0.8267 12
59100.00   0.7492 10
59150.00   0.7492 10
59200.00   0.7134  9
59250.00   0.6776  8
59300.00   0.8267 12
59350.00   0.7869 11
59400.00   0.7492 10
59450.00   0.7492 10
59500.00   0.7869 11
59550.00   0.8267 12
59600.00   0.6776  8
59650.00   0.8267 12
59700.00   0.7492 10
59750.00   0.6448  7
59800.00   0.6776  8
59850.00   0.6776  8
59900.00   0.7134  9
59950.00   0.6776  8
60000.00   0.7869 11
60050.00   0.6776  8
60100.00   0.6776  8
60150.00   0.6776  8
60200.00   0.7492 10
60250.00   0.6776  8
60300.00   0.7492 10
60350.00   0.7869 11
60400.00   0.6776  8
60450.00   0.7134  9
60500.00   0.7492 10
60550.00   0.7492 10
60600.00   0.7492 10
60650.00   0.7869 11
60700.00   0.7134  9
60750.00   0.7134  9
60800.00   0.8267 12
60850.00   0.7869 11
60900.00   0.7492 10
60950.00   0.6121  6
61000.00   0.8267 12
61050.00   0.7869 11
61100.00   0.7869 11
61150.00   0.7869 11
61200.00   0.8267 12
61250.00   0.6776  8
61300.00   0.6448  7
61350.00   0.7869 11
61400.00   0.7134  9
61450.00   0.8267 12
61500.00   0.8267 12
61550.00   0.6776  8
61600.00   0.7134  9
61650.00   0.7869 11
61700.00   0.8267 12
61750.00   0.8267 12
61800.00   0.6448  7
61850.00   0.7869 11
61900.00   0.8267 12
61950.00   0.6776  8
62000.00   0.6448  7
62050.00   0.7134  9
62100.00   0.7869 11
62150.01   0.7492 10
62200.00   0.8267 12
62250.00   0.6776  8
62300.00   0.7134  9
62350.00   0.6776  8
62400.00   0.7134  9
62450.00   0.7869 11
62500.00   0.7869 11
62550.00   0.6776  8
62600.00   0.8267 12
62650.00   0.7492 10
62700.00   0.8267 12
62750.00   0.7492 10
62800.00   0.8267 12
62850.00   0.6776  8
62900.00   0.8267 12
62950.00   0.7134  9
63000.00   0.6448  7
63050.00   0.7492 10
63100.00   0.7869 11
63150.00   0.8267 12
63200.00   0.7134  9
63250.00   0.6776  8
63300.00   0.7492 10
63350.00   0.6776  8
63400.00   0.8267 12
63450.00   0.7492 10
63500.00   0.7492 10
63550.00   0.6776  8
63600.00   0.7869 11
63650.00   0.8267 12
63700.00   0.7134  9
63750.00   0.6776  8
63800.00   0.8267 12
63850.00   0.6776  8
63900.00   0.7869 11
63950.00   0.7134  9
64000.00   0.6776  8
64050.00   0.7869 11
64100.00   0.6776  8
64150.00   0.6776  8
64200.00   0.6776  8
64250.00   0.7134  9
64300.00   0.8267 12
64350.00   0.7492 10
64400.00   0.7134  9
64450.00   0.6776  8
64500.00   0.7869 11
64550.00   0.7492 10
64600.00   0.7134  9
64650.00   0.6776  8
64700.00   0.7134  9
64750.00   0.6776  8
64800.00   0.6776  8
64850.00   0.7869 11
64900.00   0.8267 12
64950.00   0.8267 12
65000.00   0.6776  8
65050.00   0.7134  9
65100.00   0.8267 12
65150.00   0.7134  9
65200.00   0.7134  9
65250.00   0.6448  7
65300.00   0.7869 11
65350.00   0.6776  8
65400.00   0.7134  9
65450.00   0.7134  9
65500.00   0.7492 10
65550.00   0.6776  8
65600.00   0.7869 11
65650.00   0.7492 10
65700.00   0.6776  8
65750.00   0.8267 12
65800.00   0.7134  9
65850.00   0.7134  9
65900.01   0.8267 12
65950.00   0.7869 11
66000.00   0.8267 12
66050.00   0.7492 10
66100.00   0.8267 12
66150.00   0.7869 11
66200.00   0.7869 11
66250.00   0.8267 12
66300.00   0.7492 10
66350.00   0.8267 12
66400.00   0.7869 11
66450.00   0.7869 11
66500.00   0.7869 11
66550.00   0.7869 11
66600.00   0.7492 10
66650.00   0.7134  9
66700.00   0.7869 11
66750.00   0.7869 11
66800.00   0.7134  9
66850.00   0.7869 11
66900.00   0.7869 11
66950.00   0.8267 12
67000.00   0.6776  8
67050.00   0.8267 12
67100.00   0.6776  8
67150.00   0.7492 10
67200.00   0.8267 12
67250.00   0.7492 10
67300.00   0.8267 12
67350.00   0.6448  7
67400.00   0.8267 12
67450.00   0.7492 10
67500.00   0.7492 10
67550.00   0.7869 11
67600.00   0.7134  9
67650.00   0.7869 11
67700.00   0.7492 10
67750.00   0.8267 12
67800.00   0.8267 12
67850.00   0.8267 12
67900.00   0.7134  9
67950.00   0.7492 10
68000.00   0.6776  8
68050.00   0.8267 12
68100.00   0.8267 12
68150.00   0.8267 12
68200.00   0.6121  6
68250.00   0.6776  8
68300.00   0.7869 11
68350.00   0.7134  9
68400.00   0.8267 12
68450.00   0.7134  9
68500.00   0.7492 10
68550.00   0.7134  9
68600.00   0.6776  8
68650.00   0.6776  8
68700.00   0.7134  9
68750.00   0.7492 10
68800.00   0.7869 11
68850.00   0.7869 11
68900.00   0.8267 12
68950.00   0.7492 10
69000.00   0.8267 12
69050.00   0.7492 10
69100.00   0.6448  7
69150.00   0.7869 11
69200.00   0.7869 11
69250.00   0.6776  8
69300.00   0.7492 10
69350.00   0.8267 12
69400.00   0.7869 11
69450.00   0.7869 11
69500.00   0.7869 11
69550.00   0.6776  8
69600.00   0.6776  8
69650.00   0.7492 10
69700.00   0.7492 10
69750.00   0.6776  8
69800.00   0.8267 12
69850.00   0.7869 11
69900.00   0.8267 12
69950.00   0.6776  8
70000.00   0.7492 10
70050.00   0.7869 11
70100.00   0.7134  9
70150.00   0.7134  9
70200.00   0.7134  9
70250.00   0.7134  9
70300.00   0.8267 12
70350.01   0.7492 10
70400.00   0.7869 11
70450.00   0.7134  9
70500.00   0.7492 10
70550.00   0.8267 12
70600.00   0.8267 12
70650.00   0.7869 11
70700.00   0.8267 12
70750.00   0.7869 11
70800.00   0.8267 12
70850.00   0.7134  9
70900.00   0.8267 12
70950.00   0.6776  8
71000.00   0.8267 12
71050.00   0.6776  8
71100.00   0.7134  9
71150.00   0.7492 10
71200.00   0.7869 11
71250.00   0.7134  9
71300.00   0.7134  9
71350.00   0.6776  8
71400.00   0.6448  7
71450.00   0.6776  8
71500.00   0.8267 12
71550.00   0.7492 10
71600.00   0.8267 12
71650.00   0.7492 10
71700.00   0.7869 11
71750.00   0.7492 10
71800.00   0.7492 10
71850.00   0.7134  9
71900.00   0.8267 12
71950.00   0.8267 12
72000.00   0.6776  8
72050.00   0.6448  7
72100.00   0.7869 11
72150.00   0.7492 10
72200.00   0.7869 11
72250.00   0.6776  8
72300.00   0.8267 12
72350.00   0.8267 12
72400.00   0.7492 10
72450.00   0.6776  8
72500.00   0.7869 11
72550.00   0.6776  8
72600.00   0.7492 10
72650.00   0.7134  9
72700.00   0.7134  9
72750.00   0.6448  7
72800.00   0.6776  8
72850.00   0.7134  9
72900.00   0.6776  8
72950.00   0.7492 10
73000.00   0.8267 12
73050.00   0.6448  7
73100.00   0.7492 10
73150.00   0.7134  9
73200.00   0.7492 10
73250.00   0.6121  6
73300.00   0.7869 11
73350.00   0.7492 10
73400.00   0.7869 11
73450.00   0.7134  9
73500.01   0.6121  6
73550.00   0.6776  8
73600.00   0.7134  9
73650.00   0.6776  8
73700.00   0.6776  8
73750.00   0.7492 10
73800.00   0.8267 12
73850.00   0.6121  6
73900.00   0.7134  9
73950.00   0.6776  8
74000.00   0.6448  7
74050.00   0.8267 12
74100.00   0.7492 10
74150.00   0.7134  9
74200.00   0.7134  9
74250.00   0.7134  9
74300.00   0.7134  9
74350.00   0.7492 10
74400.00   0.7869 11
74450.00   0.6776  8
74500.00   0.6121  6
74550.00   0.6776  8
74600.00   0.6776  8
74650.00   0.7134  9
74700.00   0.7492 10
74750.00   0.6448  7
74800.00   0.6448  7
74850.00   0.6776  8
74900.00   0.7134  9
74950.00   0.6448  7
75000.00   0.6448  7
75050.00   0.6448  7
75100.00   0.7492 10
75150.00   0.7134  9
75200.00   0.8267 12
75250.00   0.6776  8
75300.00   0.7134  9
75350.00   0.7134  9
75400.00   0.7134  9
75450.00   0.7869 11
75500.00   0.7492 10
75550.00   0.6448  7
75600.00   0.8267 12
75650.00   0.6448  7
75700.00   0.6448  7
75750.00   0.7134  9
75800.00   0.6776  8
75850.00   0.7134  9
75900.00   0.6776  8
75950.00   0.7134  9
76000.00   0.7492 10
76050.00   0.7134  9
76100.00   0.6776  8
76150.00   0.6448  7
76200.00   0.7134  9
76250.00   0.7492 10
76300.00   0.7134  9
76350.00   0.7134  9
76400.00   0.7869 11
76450.00   0.7869 11
76500.00   0.7492 10
76550.00   0.7492 10
76600.00   0.7492 10
76650.00   0.7134  9
76700.00   0.7134  9
76750.00   0.7869 11
76800.00   0.7134  9
76850.00   0.6776  8
76900.01   0.7869 11
76950.00   0.7134  9
77000.00   0.7134  9
77050.00   0.7869 11
77100.00   0.6776  8
77150.00   0.8267 12
77200.00   0.7869 11
77250.00   0.7134  9
77300.00   0.8267 12
77350.00   0.8267 12
77400.00   0.8267 12
77450.00   0.6776  8
77500.00   0.7134  9
77550.00   0.8267 12
77600.00   0.8267 12
77650.00   0.8267 12
77700.00   0.7869 11
77750.00   0.7134  9
77800.00   0.7492 10
77850.00   0.6776  8
77900.00   0.7492 10
77950.00   0.6776  8
78000.00   0.7869 11
78050.00   0.8267 12
78100.00   0.6776  8
78150.00   0.7869 11
78200.00   0.6776  8
78250.00   0.7492 10
78300.00   0.6776  8
78350.00   0.8267 12
78400.00   0.7492 10
78450.00   0.7134  9
78500.00   0.7492 10
78550.00   0.7869 11
78600.00   0.6448  7
78650.00   0.7134  9
78700.00   0.6448  7
78750.00   0.6776  8
78800.00   0.7869 11
78850.00   0.7134  9
78900.00   0.6121  6
78950.00   0.7492 10
79000.00   0.6448  7
79050.00   0.7134  9
79100.00   0.8267 12
79150.00   0.8267 12
79200.00   0.8267 12
79250.00   0.8267 12
79300.00   0.7869 11
79350.00   0.7869 11
79400.00   0.7492 10
79450.00   0.7134  9
79500.00   0.6776  8
79550.00   0.6776  8
79600.00   0.8267 12
79650.00   0.6776  8
79700.00   0.7134  9
79750.00   0.7492 10
79800.00   0.6776  8
79850.00   0.7869 11
79900.00   0.6776  8
79950.00   0.8267 12
80000.00   0.6776  8
80050.00   0.7134  9
80100.00   0.7492 10
80150.00   0.7134  9
80200.00   0.7492 10
80250.00   0.6776  8
80300.00   0.8267 12
80350.00   0.8267 12
80400.00   0.7492 10
80450.00   0.7869 11
80500.00   0.6776  8
80550.00   0.6776  8
80600.00   0.7492 10
80650.00   0.8267 12
80700.00   0.7492 10
80750.00   0.6776  8
80800.00   0.7134  9
80850.00   0.7134  9
80900.00   0.7134  9
80950.00   0.7869 11
81000.00   0.6776  8
81050.00   0.7492 10
81100.00   0.6776  8
81150.00   0.8267 12
81200.00   0.8267 12
81250.00   0.7869 11
81300.00   0.6776  8
81350.00   0.7492 10
81400.00   0.7869 11
81450.00   0.6776  8
81500.00   0.8267 12
81550.00   0.7492 10
81600.00   0.8267 12
81650.00   0.7134  9
81700.00   0.7134  9
81750.00   0.7134  9
81800.00   0.8267 12
81850.00   0.7134  9
81900.00   0.8267 12
81950.00   0.7869 11
82000.00   0.6776  8
82050.00   0.7869 11
82100.00   0.7492 10
82150.00   0.7134  9
82200.00   0.7134  9
82250.00   0.8267 12
82300.00   0.6776  8
82350.00   0.7492 10
82400.00   0.8267 12
82450.00   0.7869 11
82500.00   0.7134  9
82550.00   0.6776  8
82600.00   0.8267 12
82650.00   0.8267 12
82700.00   0.8267 12
82750.00   0.8267 12
82800.00   0.8267 12
82850.00   0.7134  9
82900.00   0.7869 11
82950.00   0.7869 11
83000.00   0.8267 12
83050.00   0.8267 12
83100.00   0.8267 12
83150.00   0.6776  8
83200.00   0.8267 12
83250.00   0.7869 11
83300.01   0.7869 11
83350.00   0.7134  9
83400.00   0.8267 12
83450.00   0.6776  8
83500.00   0.7134  9
83550.00   0.6776  8
83600.00   0.7134  9
83650.00   0.6776  8
83700.00   0.6776  8
83750.00   0.7134  9
83800.00   0.6776  8
83850.00   0.8267 12
83900.00   0.7492 10
83950.00   0.6448  7
84000.00   0.7869 11
84050.00   0.6448  7
84100.00   0.6776  8
84150.00   0.6776  8
84200.00   0.7492 10
84250.00   0.6776  8
84300.00   0.7869 11
84350.00   0.7492 10
84400.00   0.7134  9
84450.00   0.7869 11
84500.00   0.7492 10
84550.00   0.7869 11
84600.00   0.6776  8
84650.00   0.8267 12
84700.00   0.6776  8
84750.00   0.7869 11
84800.00   0.7869 11
84850.00   0.7492 10
84900.00   0.7869 11
84950.00   0.7869 11
85000.00   0.6121  6
85050.00   0.7869 11
85100.00   0.7869 11
85150.00   0.7492 10
85200.00   0.7134  9
85250.00   0.7134  9
85300.00   0.7492 10
85350.00   0.7492 10
85400.00   0.6776  8
85450.00   0.8267 12
85500.00   0.8267 12
85550.00   0.6448  7
85600.00   0.7492 10
85650.00   0.6448  7
85700.00   0.7869 11
85750.00   0.6776  8
85800.00   0.6776  8
85850.00   0.6776  8
85900.01   0.8267 12
85950.00   0.8267 12
86000.00   0.7134  9
86050.00   0.8267 12
86100.00   0.7869 11
86150.00   0.7134  9
86200.00   0.7869 11
86250.00   0.8267 12
86300.00   0.7134  9
86350.00   0.6776  8
86400.00   0.7869 11
86450.00   0.7869 11
86500.00   0.7869 11
86550.00   0.7869 11
86600.00   0.6448  7
86650.00   0.7492 10
86700.00   0.7134  9
86750.00   0.8267 12
86800.00   0.7492 10
86850.00   0.8267 12
86900.00   0.7134  9
86950.00   0.7134  9
87000.00   0.8267 12
87050.00   0.6776  8
87100.00   0.7134  9
87150.00   0.6776  8
87200.00   0.7869 11
87250.00   0.7869 11
87300.00   0.8267 12
87350.00   0.7134  9
87400.00   0.7134  9
87450.00   0.8267 12
87500.00   0.7492 10
87550.00   0.6776  8
87600.00   0.7134  9
87650.00   0.7134  9
87700.00   0.7869 11
87750.00   0.7134  9
87800.00   0.6776  8
87850.00   0.7869 11
87900.00   0.7869 11
87950.00   0.6776  8
88000.00   0.7869 11
88050.00   0.8267 12
88100.00   0.7492 10
88150.00   0.7869 11
88200.00   0.7869 11
88250.00   0.8267 12
88300.00   0.6776  8
88350.00   0.7492 10
88400.00   0.6776  8
88450.00   0.7869 11
88500.00   0.7134  9
88550.00   0.8267 12
88600.00   0.7134  9
88650.00   0.7869 11
88700.00   0.7869 11
88750.00   0.7134  9
88800.00   0.7869 11
88850.00   0.8267 12
88900.00   0.7134  9
88950.00   0.6776  8
89000.00   0.8267 12
89050.00   0.8267 12
89100.00   0.8267 12
89150.00   0.8267 12
89200.00   0.7869 11
89250.00   0.8267 12
89300.00   0.8267 12
89350.00   0.8267 12
89400.00   0.7869 11
89450.00   0.7869 11
89500.00   0.6776  8
89550.00   0.7869 11
89600.01   0.6776  8
89650.00   0.7134  9
89700.00   0.6448  7
89750.00   0.7492 10
89800.00   0.7134  9
89850.00   0.7869 11
89900.00   0.7869 11
89950.00   0.7869 11
90000.00   0.7869 11
90050.00   0.7134  9
90100.00   0.7134  9
90150.00   0.7134  9
90200.00   0.8267 12
90250.00   0.8267 12
90300.00   0.6776  8
90350.00   0.6776  8
90400.00   0.7134  9
90450.00   0.7492 10
90500.00   0.7134  9
90550.00   0.7134  9
90600.00   0.6776  8
90650.00   0.6776  8
90700.01   0.7869 11
90750.00   0.7869 11
90800.00   0.8267 12
90850.00   0.8267 12
90900.00   0.7134  9
90950.00   0.7869 11
91000.00   0.8267 12
91050.00   0.6776  8
91100.00   0.7492 10
91150.00   0.7134  9
91200.00   0.7134  9
91250.01   0.6776  8
91300.00   0.7134  9
91350.00   0.7134  9
91400.00   0.7492 10
91450.00   0.7134  9
91500.00   0.6776  8
91550.00   0.6448  7
91600.00   0.7492 10
91650.00   0.6776  8
91700.00   0.7492 10
91750.00   0.7134  9
91800.00   0.7134  9
91850.00   0.7492 10
91900.00   0.7134  9
91950.00   0.7869 11
92000.00   0.7869 11
92050.00   0.7134  9
92100.00   0.8267 12
92150.00   0.6776  8
92200.00   0.7492 10
92250.00   0.7492 10
92300.00   0.7492 10
92350.00   0.6448  7
92400.00   0.7869 11
92450.00   0.8267 12
92500.00   0.7869 11
92550.00   0.7134  9
92600.00   0.6776  8
92650.00   0.7492 10
92700.00   0.7869 11
92750.00   0.6448  7
92800.00   0.7869 11
92850.00   0.7869 11
92900.00   0.7492 10
92950.00   0.8267 12
93000.00   0.8267 12
93050.00   0.7134  9
93100.00   0.8267 12
93150.00   0.7869 11
93200.00   0.7492 10
93250.00   0.6776  8
93300.00   0.7492 10
93350.00   0.6776  8
93400.00   0.8267 12
93450.00   0.8267 12
93500.00   0.6776  8
93550.00   0.7492 10
93600.00   0.7134  9
93650.00   0.7869 11
93700.00   0.6776  8
93750.00   0.8267 12
93800.00   0.6776  8
93850.00   0.7492 10
93900.00   0.7492 10
93950.00   0.7869 11
94000.00   0.6776  8
94050.00   0.7869 11
94100.00   0.7492 10
94150.00   0.7869 11
94200.01   0.8267 12
94250.00   0.7492 10
94300.00   0.7869 11
94350.00   0.6448  7
94400.00   0.7492 10
94450.00   0.7869 11
94500.00   0.7134  9
94550.00   0.6776  8
94600.00   0.6776  8
94650.00   0.7869 11
94700.00   0.6776  8
94750.00   0.7492 10
94800.00   0.8267 12
94850.00   0.7134  9
94900.00   0.7134  9
94950.00   0.7869 11
95000.00   0.6448  7
95050.00   0.7869 11
95100.00   0.7869 11
95150.00   0.6121  6
95200.00   0.7869 11
95250.00   0.7134  9
95300.00   0.7134  9
95350.00   0.7869 11
95400.00   0.7869 11
95450.00   0.7492 10
95500.00   0.7134  9
95550.00   0.7492 10
95600.00   0.8267 12
95650.00   0.7492 10
95700.00   0.8267 12
95750.00   0.7134  9
95800.00   0.7492 10
95850.00   0.8267 12
95900.00   0.7134  9
95950.00   0.6776  8
96000.00   0.6776  8
96050.00   0.7134  9
96100.00   0.6776  8
96150.00   0.7492 10
96200.00   0.8267 12
96250.00   0.8267 12
96300.00   0.8267 12
96350.00   0.7869 11
96400.00   0.7492 10
96450.00   0.7492 10
96500.00   0.7492 10
96550.00   0.7134  9
96600.00   0.7869 11
96650.00   0.7134  9
96700.00   0.7869 11
96750.00   0.7134  9
96800.00   0.6448  7
96850.00   0.7869 11
96900.00   0.8267 12
96950.00   0.6776  8
97000.00   0.7869 11
97050.00   0.7492 10
97100.00   0.8267 12
97150.00   0.7492 10
97200.00   0.6776  8
97250.00   0.7492 10
97300.00   0.8267 12
97350.00   0.6776  8
97400.00   0.7869 11
97450.00   0.7492 10
97500.00   0.7492 10
97550.00   0.8267 12
97600.00   0.6776  8
97650.00   0.8267 12
97700.00   0.7869 11
97750.00   0.7869 11
97800.00   0.7492 10
97850.00   0.8267 12
97900.00   0.7869 11
97950.00   0.7492 10
98000.00   0.8267 12
98050.00   0.7134  9
98100.00   0.7869 11
98150.00   0.7134  9
98200.00   0.6776  8
98250.00   0.7134  9
98300.00   0.6776  8
98350.00   0.7492 10
98400.00   0.7134  9
98450.00   0.7134  9
98500.00   0.7869 11
98550.00   0.7492 10
98600.00   0.6448  7
98650.00   0.6448  7
98700.00   0.8267 12
98750.00   0.7869 11
98800.00   0.7134  9
98850.00   0.6776  8
98900.00   0.7134  9
98950.00   0.7492 10
99000.00   0.6776  8
99050.00   0.7492 10
99100.00   0.7869 11
99150.00   0.7492 10
99200.00   0.8267 12
99250.00   0.7134  9
99300.00   0.7134  9
99350.00   0.8267 12
99400.00   0.6776  8
99450.00   0.7134  9
99500.00   0.7869 11
99550.00   0.6776  8
99600.00   0.6448  7
99650.00   0.7492 10
99700.00   0.8267 12
99750.00   0.7869 11
99800.00   0.7869 11
99850.00   0.7869 11
99900.00   0.8267 12
99950.00   0.7869 11
100000.00   0.7869 11
