50.00   0.6776  8
100.00   0.6121  6
150.00   0.4968  2
200.00   0.5236  3
250.00   0.4968  2
300.00   0.4968  2
350.00   0.4700  1
400.00   0.4700  1
450.00   0.4700  1
500.00   0.5236  3
550.01   0.4968  2
600.00   0.4968  2
650.00   0.4700  1
700.00   0.4968  2
750.00   0.4700  1
800.00   0.4700  1
850.00   0.4700  1
900.00   0.4700  1
950.00   0.4700  1
1000.00   0.4700  1
1050.00   0.4700  1
1100.00   0.5514  4
1150.00   0.5236  3
1200.00   0.4968  2
1250.00   0.6448  7
1300.00   0.5514  4
1350.00   0.4700  1
1400.00   0.5236  3
1450.00   0.4700  1
1500.00   0.4700  1
1550.00   0.4700  1
1600.00   0.5236  3
1650.00   0.4700  1
1700.00   0.4968  2
1750.00   0.4700  1
1800.00   0.4700  1
1850.00   0.4968  2
1900.00   0.4968  2
1950.00   0.5236  3
2000.00   0.6121  6
2050.00   0.5514  4
2100.00   0.4700  1
2150.00   0.4700  1
2200.00   0.5514  4
2250.00   0.4968  2
2300.00   0.4700  1
2350.00   0.4968  2
2400.00   0.5236  3
2450.00   0.4700  1
2500.00   0.5236  3
2550.00   0.5514  4
2600.00   0.5514  4
2650.00   0.5514  4
2700.00   0.4968  2
2750.00   0.4700  1
2800.00   0.4968  2
2850.00   0.5813  5
2900.00   0.4968  2
2950.00   0.5813  5
3000.00   0.5514  4
3050.00   0.4700  1
3100.00   0.5813  5
3150.00   0.4968  2
3200.00   0.4968  2
3250.00   0.4700  1
3300.00   0.5236  3
3350.00   0.4968  2
3400.00   0.5813  5
3450.00   0.6121  6
3500.00   0.4968  2
3550.00   0.4700  1
3600.00   0.5236  3
3650.00   0.4700  1
3700.00   0.4700  1
3750.00   0.5236  3
3800.00   0.5514  4
3850.00   0.4700  1
3900.00   0.4968  2
3950.00   0.4968  2
4000.00   0.5236  3
4050.00   0.5514  4
4100.00   0.4700  1
4150.00   0.5514  4
4200.00   0.5514  4
4250.00   0.4700  1
4300.00   0.5514  4
4350.00   0.5514  4
4400.00   0.5236  3
4450.00   0.5236  3
4500.00   0.4968  2
4550.00   0.6121  6
4600.00   0.4968  2
4650.00   0.5236  3
4700.00   0.5514  4
4750.00   0.4968  2
4800.00   0.5514  4
4850.00   0.5813  5
4900.00   0.4968  2
4950.00   0.4700  1
5000.00   0.4700  1
5050.00   0.4968  2
5100.00   0.5236  3
5150.00   0.4968  2
5200.00   0.6448  7
5250.00   0.5514  4
5300.00   0.4968  2
5350.00   0.4700  1
5400.00   0.4968  2
5450.00   0.4968  2
5500.00   0.4968  2
5550.00   0.5514  4
5600.00   0.5236  3
5650.00   0.5813  5
5700.00   0.5236  3
5750.00   0.4700  1
5800.00   0.4700  1
5850.00   0.5514  4
5900.00   0.4968  2
5950.00   0.5813  5
6000.00   0.4968  2
6050.00   0.4968  2
6100.00   0.4968  2
6150.00   0.4968  2
6200.00   0.4968  2
6250.00   0.4700  1
6300.00   0.4968  2
6350.00   0.4700  1
6400.00   0.4700  1
6450.00   0.4968  2
6500.00   0.4700  1
6550.00   0.4968  2
6600.01   0.4700  1
6650.00   0.4968  2
6700.00   0.5813  5
6750.00   0.4700  1
6800.00   0.5236  3
6850.00   0.4700  1
6900.00   0.4700  1
6950.00   0.4700  1
7000.00   0.4700  1
7050.00   0.4700  1
7100.00   0.4700  1
7150.00   0.4968  2
7200.00   0.4968  2
7250.00   0.4700  1
7300.00   0.5514  4
7350.00   0.4968  2
7400.00   0.5514  4
7450.00   0.5236  3
7500.00   0.4700  1
7550.00   0.4968  2
7600.00   0.5514  4
7650.00   0.5813  5
7700.00   0.4700  1
7750.00   0.5514  4
7800.00   0.5813  5
7850.00   0.4968  2
7900.00   0.5514  4
7950.00   0.5236  3
8000.00   0.4700  1
8050.00   0.4700  1
8100.00   0.5514  4
8150.00   0.4968  2
8200.00   0.5514  4
8250.00   0.5236  3
8300.00   0.4700  1
8350.00   0.4700  1
8400.00   0.4968  2
8450.00   0.5236  3
8500.00   0.4968  2
8550.00   0.4700  1
8600.00   0.4968  2
8650.00   0.5514  4
8700.00   0.4700  1
8750.00   0.5236  3
8800.00   0.5813  5
8850.00   0.5236  3
8900.00   0.6448  7
8950.00   0.5514  4
9000.00   0.5236  3
9050.00   0.5236  3
9100.00   0.4968  2
9150.00   0.4700  1
9200.00   0.5514  4
9250.00   0.5236  3
9300.00   0.4968  2
9350.00   0.4700  1
9400.00   0.4968  2
9450.00   0.4700  1
9500.00   0.5236  3
9550.00   0.6776  8
9600.00   0.4700  1
9650.01   0.6121  6
9700.00   0.5813  5
9750.00   0.6121  6
9800.00   0.6448  7
9850.00   0.5514  4
9900.00   0.4968  2
9950.00   0.5236  3
10000.00   0.4700  1
10050.00   0.4700  1
10100.00   0.4968  2
10150.00   0.4968  2
10200.00   0.5236  3
10250.00   0.4968  2
10300.00   0.5236  3
10350.00   0.4700  1
10400.00   0.4968  2
10450.00   0.4968  2
10500.00   0.5813  5
10550.00   0.6121  6
10600.00   0.5236  3
10650.00   0.6776  8
10700.00   0.5813  5
10750.00   0.4968  2
10800.00   0.5514  4
10850.01   0.5813  5
10900.00   0.5236  3
10950.00   0.5813  5
11000.00   0.5514  4
11050.00   0.4700  1
11100.00   0.5236  3
11150.00   0.6121  6
11200.00   0.5514  4
11250.00   0.5813  5
11300.00   0.6121  6
11350.00   0.5236  3
11400.00   0.5236  3
11450.00   0.4700  1
11500.00   0.5813  5
11550.00   0.4968  2
11600.00   0.6121  6
11650.00   0.5514  4
11700.00   0.6448  7
11750.00   0.6121  6
11800.00   0.5514  4
11850.00   0.4968  2
11900.00   0.6121  6
11950.00   0.4968  2
12000.00   0.5813  5
12050.00   0.5514  4
12100.00   0.6121  6
12150.00   0.6121  6
12200.00   0.6448  7
12250.00   0.5236  3
12300.00   0.6121  6
12350.00   0.6121  6
12400.00   0.6121  6
12450.00   0.4968  2
12500.01   0.5514  4
12550.00   0.5813  5
12600.00   0.5813  5
12650.00   0.4968  2
12700.00   0.5813  5
12750.00   0.5236  3
12800.00   0.6448  7
12850.00   0.4700  1
12900.00   0.6776  8
12950.00   0.6776  8
13000.00   0.6448  7
13050.00   0.5514  4
13100.00   0.6121  6
13150.00   0.4700  1
13200.00   0.5813  5
13250.00   0.4968  2
13300.00   0.5236  3
13350.00   0.7134  9
13400.00   0.5813  5
13450.00   0.6121  6
13500.00   0.6121  6
13550.00   0.5813  5
13600.00   0.5813  5
13650.00   0.5813  5
13700.00   0.5514  4
13750.00   0.6121  6
13800.00   0.4700  1
13850.00   0.6448  7
13900.00   0.5236  3
13950.00   0.4700  1
14000.00   0.4968  2
14050.00   0.5236  3
14100.00   0.5236  3
14150.00   0.5813  5
14200.00   0.6448  7
14250.00   0.6121  6
14300.00   0.6121  6
14350.00   0.4700  1
14400.00   0.4700  1
14450.00   0.6448  7
14500.00   0.6121  6
14550.00   0.6121  6
14600.00   0.5813  5
14650.00   0.4700  1
14700.00   0.6776  8
14750.00   0.6448  7
14800.00   0.5813  5
14850.00   0.6448  7
14900.00   0.5236  3
14950.00   0.6121  6
15000.00   0.6776  8
15050.00   0.6448  7
15100.00   0.6448  7
15150.00   0.6448  7
15200.00   0.6448  7
15250.00   0.6121  6
15300.00   0.5514  4
15350.00   0.5813  5
15400.00   0.6121  6
15450.00   0.5813  5
15500.00   0.4700  1
15550.00   0.6121  6
15600.00   0.6776  8
15650.00   0.7134  9
15700.00   0.5813  5
15750.00   0.6121  6
15800.00   0.6776  8
15850.00   0.5236  3
15900.00   0.5813  5
15950.00   0.6776  8
16000.00   0.5514  4
16050.00   0.6776  8
16100.00   0.6776  8
16150.00   0.6448  7
16200.00   0.6121  6
16250.00   0.6448  7
16300.00   0.6121  6
16350.00   0.5813  5
16400.00   0.5514  4
16450.00   0.6448  7
16500.00   0.6121  6
16550.00   0.6448  7
16600.00   0.5236  3
16650.00   0.5236  3
16700.00   0.5514  4
16750.00   0.6121  6
16800.00   0.6776  8
16850.00   0.6776  8
16900.00   0.7134  9
16950.00   0.6776  8
17000.00   0.5514  4
17050.00   0.6448  7
17100.00   0.5813  5
17150.00   0.6776  8
17200.00   0.7134  9
17250.00   0.7134  9
17300.00   0.6121  6
17350.00   0.6448  7
17400.00   0.4968  2
17450.00   0.5813  5
17500.00   0.4700  1
17550.00   0.5514  4
17600.00   0.5813  5
17650.00   0.6121  6
17700.00   0.4700  1
17750.01   0.5236  3
17800.00   0.6448  7
17850.00   0.6448  7
17900.00   0.5514  4
17950.00   0.5813  5
18000.00   0.6448  7
18050.00   0.5236  3
18100.00   0.5514  4
18150.00   0.5813  5
18200.00   0.6448  7
18250.00   0.5813  5
18300.00   0.5813  5
18350.00   0.6121  6
18400.00   0.6448  7
18450.00   0.6121  6
18500.00   0.4968  2
18550.00   0.5813  5
18600.00   0.5236  3
18650.00   0.5236  3
18700.00   0.5813  5
18750.00   0.5514  4
18800.00   0.4700  1
18850.00   0.6121  6
18900.00   0.5514  4
18950.00   0.5813  5
19000.00   0.5514  4
19050.00   0.5514  4
19100.00   0.4700  1
19150.00   0.4968  2
19200.00   0.5813  5
19250.00   0.5236  3
19300.00   0.5514  4
19350.01   0.6121  6
19400.00   0.4968  2
19450.00   0.5236  3
19500.00   0.5236  3
19550.00   0.5236  3
19600.00   0.5236  3
19650.00   0.6448  7
19700.00   0.6448  7
19750.00   0.4968  2
19800.00   0.4968  2
19850.00   0.5813  5
19900.00   0.6448  7
19950.00   0.4968  2
20000.00   0.4968  2
20050.00   0.4700  1
20100.00   0.4968  2
20150.00   0.6448  7
20200.00   0.6448  7
20250.00   0.5236  3
20300.00   0.5514  4
20350.00   0.6121  6
20400.00   0.5236  3
20450.00   0.6121  6
20500.00   0.7134  9
20550.00   0.5236  3
20600.00   0.5236  3
20650.00   0.6121  6
20700.00   0.4700  1
20750.00   0.4968  2
20800.00   0.5514  4
20850.00   0.6121  6
20900.00   0.5813  5
20950.00   0.5236  3
21000.00   0.6776  8
21050.00   0.5813  5
21100.00   0.4700  1
21150.00   0.5236  3
21200.00   0.6121  6
21250.00   0.4700  1
21300.00   0.5514  4
21350.00   0.5813  5
21400.00   0.5813  5
21450.00   0.6121  6
21500.00   0.4968  2
21550.00   0.4700  1
21600.00   0.4700  1
21650.00   0.4700  1
21700.00   0.5236  3
21750.00   0.4968  2
21800.00   0.6448  7
21850.00   0.5813  5
21900.00   0.5236  3
21950.00   0.6448  7
22000.00   0.6121  6
22050.00   0.5514  4
22100.00   0.5514  4
22150.00   0.4968  2
22200.00   0.6776  8
22250.00   0.5813  5
22300.00   0.4700  1
22350.00   0.5514  4
22400.00   0.5813  5
22450.00   0.4700  1
22500.00   0.5514  4
22550.00   0.4968  2
22600.00   0.6448  7
22650.00   0.4968  2
22700.00   0.5514  4
22750.00   0.6121  6
22800.00   0.6776  8
22850.00   0.5236  3
22900.00   0.4700  1
22950.00   0.5514  4
23000.00   0.5236  3
23050.00   0.4700  1
23100.00   0.4968  2
23150.00   0.5236  3
23200.00   0.4700  1
23250.00   0.4968  2
23300.00   0.5514  4
23350.00   0.4968  2
23400.00   0.4700  1
23450.00   0.4968  2
23500.01   0.4968  2
23550.00   0.4968  2
23600.00   0.5514  4
23650.00   0.5236  3
23700.00   0.5514  4
23750.00   0.6121  6
23800.00   0.5813  5
23850.00   0.6776  8
23900.00   0.5514  4
23950.00   0.5514  4
24000.00   0.6448  7
24050.00   0.6776  8
24100.00   0.6121  6
24150.00   0.5514  4
24200.00   0.6448  7
24250.00   0.6121  6
24300.00   0.4700  1
24350.00   0.6448  7
24400.00   0.6121  6
24450.00   0.5236  3
24500.00   0.6448  7
24550.00   0.4968  2
24600.00   0.6121  6
24650.00   0.5514  4
24700.00   0.6776  8
24750.00   0.4968  2
24800.00   0.5236  3
24850.00   0.4700  1
24900.00   0.4968  2
24950.00   0.5813  5
25000.00   0.4700  1
25050.00   0.5514  4
25100.00   0.4700  1
25150.00   0.4700  1
25200.00   0.4968  2
25250.00   0.5236  3
25300.00   0.4968  2
25350.00   0.4700  1
25400.00   0.5236  3
25450.00   0.6121  6
25500.00   0.5514  4
25550.00   0.6121  6
25600.00   0.5514  4
25650.00   0.5514  4
25700.00   0.4968  2
25750.00   0.5514  4
25800.00   0.5514  4
25850.00   0.6776  8
25900.00   0.5236  3
25950.00   0.5236  3
26000.00   0.4968  2
26050.00   0.4700  1
26100.00   0.4700  1
26150.00   0.4968  2
26200.00   0.5236  3
26250.00   0.5514  4
26300.00   0.6448  7
26350.00   0.5514  4
26400.00   0.5813  5
26450.00   0.5236  3
26500.00   0.4700  1
26550.00   0.5514  4
26600.00   0.4700  1
26650.00   0.6776  8
26700.01   0.4968  2
26750.00   0.6121  6
26800.00   0.5514  4
26850.01   0.5813  5
26900.00   0.4968  2
26950.00   0.5236  3
27000.00   0.5813  5
27050.00   0.6121  6
27100.00   0.4968  2
27150.00   0.5813  5
27200.00   0.6776  8
27250.00   0.6448  7
27300.00   0.5514  4
27350.00   0.7492 10
27400.00   0.4700  1
27450.00   0.6776  8
27500.00   0.4968  2
27550.00   0.5236  3
27600.00   0.6121  6
27650.00   0.6121  6
27700.00   0.6776  8
27750.00   0.6121  6
27800.00   0.4700  1
27850.00   0.5236  3
27900.00   0.4968  2
27950.00   0.5813  5
28000.00   0.5813  5
28050.00   0.4700  1
28100.00   0.4700  1
28150.00   0.4968  2
28200.00   0.5236  3
28250.00   0.5236  3
28300.00   0.4968  2
28350.00   0.4968  2
28400.01   0.5514  4
28450.00   0.5514  4
28500.00   0.4968  2
28550.00   0.4700  1
28600.00   0.4968  2
28650.00   0.4700  1
28700.00   0.6121  6
28750.00   0.5514  4
28800.00   0.6121  6
28850.00   0.4700  1
28900.00   0.5236  3
28950.00   0.5514  4
29000.00   0.4700  1
29050.00   0.4968  2
29100.00   0.5236  3
29150.00   0.5813  5
29200.00   0.5236  3
29250.00   0.5236  3
29300.00   0.4968  2
29350.00   0.6448  7
29400.00   0.5514  4
29450.00   0.5514  4
29500.00   0.5514  4
29550.00   0.4968  2
29600.00   0.6121  6
29650.00   0.5236  3
29700.00   0.4968  2
29750.00   0.4968  2
29800.00   0.5813  5
29850.00   0.5813  5
29900.00   0.5514  4
29950.00   0.5813  5
30000.00   0.5514  4
30050.00   0.4968  2
30100.00   0.5236  3
30150.00   0.5514  4
30200.00   0.4700  1
30250.00   0.4700  1
30300.00   0.5514  4
30350.00   0.6448  7
30400.00   0.6121  6
30450.00   0.4968  2
30500.00   0.6121  6
30550.00   0.6448  7
30600.00   0.5236  3
30650.00   0.5236  3
30700.00   0.4968  2
30750.00   0.4968  2
30800.00   0.5514  4
30850.00   0.6121  6
30900.00   0.5236  3
30950.00   0.4968  2
31000.00   0.4700  1
31050.00   0.6776  8
31100.00   0.4968  2
31150.00   0.5236  3
31200.00   0.4700  1
31250.00   0.4968  2
31300.01   0.6776  8
31350.00   0.5236  3
31400.00   0.4968  2
31450.00   0.6121  6
31500.00   0.5514  4
31550.00   0.6448  7
31600.00   0.5236  3
31650.00   0.4700  1
31700.00   0.4700  1
31750.00   0.5514  4
31800.00   0.4700  1
31850.01   0.6448  7
31900.00   0.5514  4
31950.00   0.5813  5
32000.00   0.6776  8
32050.00   0.5514  4
32100.00   0.5813  5
32150.00   0.4700  1
32200.00   0.6776  8
32250.00   0.6448  7
32300.00   0.6121  6
32350.00   0.6121  6
32400.00   0.5813  5
32450.00   0.5813  5
32500.00   0.4968  2
32550.00   0.6448  7
32600.00   0.5236  3
32650.00   0.4968  2
32700.00   0.6121  6
32750.00   0.6776  8
32800.00   0.6121  6
32850.00   0.4700  1
32900.00   0.6448  7
32950.00   0.6776  8
33000.00   0.4700  1
33050.00   0.4700  1
33100.00   0.6121  6
33150.00   0.4700  1
33200.00   0.4968  2
33250.00   0.4968  2
33300.00   0.4700  1
33350.00   0.5236  3
33400.00   0.5236  3
33450.00   0.6448  7
33500.00   0.5813  5
33550.00   0.6448  7
33600.00   0.6121  6
33650.00   0.4700  1
33700.00   0.6448  7
33750.00   0.6776  8
33800.00   0.5813  5
33850.00   0.6121  6
33900.00   0.6121  6
33950.00   0.4700  1
34000.00   0.6448  7
34050.00   0.6776  8
34100.00   0.6121  6
34150.00   0.5514  4
34200.00   0.5813  5
34250.00   0.7134  9
34300.00   0.5514  4
34350.00   0.6121  6
34400.00   0.6448  7
34450.00   0.5514  4
34500.00   0.5813  5
34550.00   0.5813  5
34600.00   0.6776  8
34650.00   0.4968  2
34700.00   0.6776  8
34750.00   0.6448  7
34800.00   0.6121  6
34850.00   0.6448  7
34900.00   0.6121  6
34950.00   0.5514  4
35000.00   0.6121  6
35050.00   0.5514  4
35100.00   0.5236  3
35150.00   0.6121  6
35200.00   0.6776  8
35250.00   0.6776  8
35300.00   0.6121  6
35350.00   0.5236  3
35400.00   0.5514  4
35450.00   0.4968  2
35500.00   0.4700  1
35550.00   0.5236  3
35600.00   0.6121  6
35650.00   0.4968  2
35700.01   0.5813  5
35750.00   0.5813  5
35800.00   0.5236  3
35850.00   0.5813  5
35900.00   0.6776  8
35950.00   0.4700  1
36000.00   0.6448  7
36050.00   0.6448  7
36100.00   0.5514  4
36150.00   0.4968  2
36200.00   0.6776  8
36250.00   0.5514  4
36300.00   0.5813  5
36350.00   0.4700  1
36400.00   0.6121  6
36450.00   0.5813  5
36500.00   0.6448  7
36550.00   0.4700  1
36600.00   0.6776  8
36650.00   0.5236  3
36700.00   0.5236  3
36750.00   0.6448  7
36800.00   0.6448  7
36850.00   0.4700  1
36900.00   0.5813  5
36950.00   0.4700  1
37000.00   0.6121  6
37050.00   0.5514  4
37100.00   0.5813  5
37150.00   0.4700  1
37200.00   0.5813  5
37250.00   0.5236  3
37300.00   0.5514  4
37350.00   0.4700  1
37400.00   0.5813  5
37450.00   0.6776  8
37500.00   0.5236  3
37550.00   0.6121  6
37600.00   0.4700  1
37650.00   0.6121  6
37700.00   0.4700  1
37750.00   0.5514  4
37800.00   0.6121  6
37850.00   0.5236  3
37900.00   0.5813  5
37950.00   0.5514  4
38000.00   0.5514  4
38050.00   0.5813  5
38100.00   0.6121  6
38150.00   0.7492 10
38200.00   0.6448  7
38250.00   0.4700  1
38300.00   0.5236  3
38350.00   0.5514  4
38400.00   0.4700  1
38450.00   0.4968  2
38500.00   0.4700  1
38550.00   0.4700  1
38600.00   0.4700  1
38650.00   0.5813  5
38700.00   0.5813  5
38750.01   0.5236  3
38800.00   0.5514  4
38850.00   0.4700  1
38900.00   0.4700  1
38950.00   0.4968  2
39000.00   0.5813  5
39050.00   0.5514  4
39100.00   0.5236  3
39150.00   0.5514  4
39200.00   0.5514  4
39250.00   0.4700  1
39300.00   0.6121  6
39350.00   0.6121  6
39400.00   0.5813  5
39450.00   0.6121  6
39500.00   0.6448  7
39550.00   0.6121  6
39600.00   0.5236  3
39650.00   0.5514  4
39700.00   0.4968  2
39750.00   0.5813  5
39800.00   0.6121  6
39850.00   0.5514  4
39900.00   0.6448  7
39950.00   0.5236  3
40000.00   0.5236  3
40050.00   0.6121  6
40100.01   0.6121  6
40150.00   0.5813  5
40200.00   0.5813  5
40250.00   0.5813  5
40300.00   0.4700  1
40350.00   0.5236  3
40400.00   0.4700  1
40450.01   0.5813  5
40500.00   0.6776  8
40550.00   0.6776  8
40600.00   0.6121  6
40650.00   0.5813  5
40700.00   0.4700  1
40750.00   0.4968  2
40800.00   0.4700  1
40850.00   0.4968  2
40900.00   0.4968  2
40950.00   0.4968  2
41000.00   0.5236  3
41050.00   0.5236  3
41100.00   0.6121  6
41150.00   0.5813  5
41200.00   0.6776  8
41250.00   0.4968  2
41300.00   0.4700  1
41350.00   0.4700  1
41400.00   0.5514  4
41450.00   0.4968  2
41500.00   0.6121  6
41550.00   0.5236  3
41600.00   0.6776  8
41650.00   0.5236  3
41700.00   0.5236  3
41750.00   0.6448  7
41800.00   0.5236  3
41850.00   0.4700  1
41900.00   0.4700  1
41950.00   0.6121  6
42000.00   0.6121  6
42050.00   0.5236  3
42100.00   0.4968  2
42150.00   0.4700  1
42200.00   0.6121  6
42250.00   0.5813  5
42300.00   0.4700  1
42350.00   0.5236  3
42400.01   0.6448  7
42450.01   0.5514  4
42500.00   0.6121  6
42550.00   0.5813  5
42600.00   0.5813  5
42650.00   0.5813  5
42700.00   0.6448  7
42750.00   0.4700  1
42800.00   0.5813  5
42850.00   0.6448  7
42900.00   0.5514  4
42950.00   0.5514  4
43000.00   0.4700  1
43050.00   0.5236  3
43100.00   0.5236  3
43150.00   0.4968  2
43200.00   0.6448  7
43250.00   0.6121  6
43300.00   0.4700  1
43350.00   0.6121  6
43400.00   0.5236  3
43450.00   0.6776  8
43500.00   0.6121  6
43550.00   0.5813  5
43600.00   0.6776  8
43650.00   0.5236  3
43700.00   0.6121  6
43750.00   0.5813  5
43800.00   0.6448  7
43850.00   0.5813  5
43900.00   0.5813  5
43950.00   0.5236  3
44000.00   0.6448  7
44050.00   0.5514  4
44100.00   0.4700  1
44150.00   0.5236  3
44200.00   0.6776  8
44250.00   0.5813  5
44300.00   0.5514  4
44350.00   0.6121  6
44400.00   0.6121  6
44450.00   0.5813  5
44500.00   0.5236  3
44550.00   0.5236  3
44600.00   0.6776  8
44650.00   0.5236  3
44700.00   0.4700  1
44750.00   0.6448  7
44800.00   0.5236  3
44850.00   0.5514  4
44900.00   0.4968  2
44950.00   0.4968  2
45000.00   0.5813  5
45050.00   0.5514  4
45100.00   0.5514  4
45150.00   0.5813  5
45200.00   0.5813  5
45250.00   0.4968  2
45300.00   0.5514  4
45350.00   0.4968  2
45400.00   0.6448  7
45450.00   0.4968  2
45500.00   0.4700  1
45550.00   0.6121  6
45600.00   0.5813  5
45650.00   0.5236  3
45700.00   0.4968  2
45750.00   0.5813  5
45800.00   0.5236  3
45850.01   0.6121  6
45900.00   0.5236  3
45950.00   0.5236  3
46000.00   0.5236  3
46050.00   0.5236  3
46100.00   0.4968  2
46150.00   0.5813  5
46200.00   0.6448  7
46250.00   0.4700  1
46300.00   0.4700  1
46350.01   0.5514  4
46400.00   0.4700  1
46450.00   0.6121  6
46500.00   0.5514  4
46550.00   0.6121  6
46600.00   0.5236  3
46650.00   0.4968  2
46700.00   0.4700  1
46750.00   0.4968  2
46800.01   0.5813  5
46850.01   0.5514  4
46900.00   0.4700  1
46950.00   0.4968  2
47000.01   0.4700  1
47050.00   0.4968  2
47100.00   0.4968  2
47150.00   0.6776  8
47200.00   0.6121  6
47250.00   0.5813  5
47300.00   0.4700  1
47350.00   0.5236  3
47400.00   0.6448  7
47450.00   0.6121  6
47500.00   0.4968  2
47550.00   0.5236  3
47600.00   0.4968  2
47650.00   0.5236  3
47700.01   0.5236  3
47750.00   0.6448  7
47800.00   0.5514  4
47850.00   0.5236  3
47900.00   0.4968  2
47950.00   0.6448  7
48000.00   0.5813  5
48050.01   0.6776  8
48100.00   0.6448  7
48150.00   0.5514  4
48200.00   0.5514  4
48250.00   0.4700  1
48300.00   0.4700  1
48350.00   0.7134  9
48400.00   0.6448  7
48450.00   0.6448  7
48500.00   0.6448  7
48550.00   0.4968  2
48600.00   0.6121  6
48650.00   0.6776  8
48700.00   0.7134  9
48750.00   0.6776  8
48800.00   0.5236  3
48850.00   0.5514  4
48900.00   0.7134  9
48950.00   0.6121  6
49000.00   0.5813  5
49050.00   0.6121  6
49100.00   0.5514  4
49150.00   0.5813  5
49200.00   0.5813  5
49250.00   0.6448  7
49300.00   0.4968  2
49350.00   0.5514  4
49400.00   0.6776  8
49450.00   0.5236  3
49500.00   0.5236  3
49550.00   0.6448  7
49600.00   0.4700  1
49650.00   0.5813  5
49700.00   0.6448  7
49750.00   0.5236  3
49800.00   0.4700  1
49850.00   0.5514  4
49900.00   0.5514  4
49950.00   0.5813  5
50000.00   0.4968  2
50050.00   0.4968  2
50100.00   0.5514  4
50150.00   0.5514  4
50200.00   0.5236  3
50250.00   0.4968  2
50300.00   0.5236  3
50350.00   0.4700  1
50400.00   0.5514  4
50450.00   0.6121  6
50500.00   0.4700  1
50550.00   0.4700  1
50600.00   0.6448  7
50650.00   0.4700  1
50700.00   0.6448  7
50750.00   0.5813  5
50800.00   0.6776  8
50850.00   0.5514  4
50900.00   0.4968  2
50950.00   0.6448  7
51000.00   0.4700  1
51050.00   0.6448  7
51100.00   0.4968  2
51150.00   0.4700  1
51200.00   0.6121  6
51250.00   0.4700  1
51300.00   0.4968  2
51350.00   0.5514  4
51400.01   0.6448  7
51450.00   0.5236  3
51500.00   0.4968  2
51550.00   0.5813  5
51600.00   0.5514  4
51650.00   0.4700  1
51700.00   0.6121  6
51750.00   0.4700  1
51800.00   0.5236  3
51850.00   0.5236  3
51900.00   0.5236  3
51950.00   0.4968  2
52000.00   0.6121  6
52050.00   0.5514  4
52100.00   0.5813  5
52150.00   0.5514  4
52200.00   0.4700  1
52250.00   0.4700  1
52300.00   0.4968  2
52350.00   0.4700  1
52400.00   0.5813  5
52450.00   0.5514  4
52500.00   0.5514  4
52550.00   0.6776  8
52600.00   0.6121  6
52650.00   0.4968  2
52700.00   0.4968  2
52750.00   0.4968  2
52800.00   0.6448  7
52850.00   0.4700  1
52900.00   0.5813  5
52950.00   0.6776  8
53000.00   0.6121  6
53050.00   0.4700  1
53100.00   0.5514  4
53150.00   0.6776  8
53200.00   0.5813  5
53250.00   0.4968  2
53300.00   0.4968  2
53350.00   0.5236  3
53400.00   0.6776  8
53450.00   0.5813  5
53500.00   0.6448  7
53550.00   0.4968  2
53600.00   0.5514  4
53650.00   0.4968  2
53700.00   0.4700  1
53750.00   0.6121  6
53800.00   0.5236  3
53850.00   0.6448  7
53900.01   0.6448  7
53950.01   0.6121  6
54000.00   0.4968  2
54050.00   0.5236  3
54100.00   0.4968  2
54150.00   0.5813  5
54200.00   0.4700  1
54250.00   0.4700  1
54300.00   0.4968  2
54350.00   0.4700  1
54400.00   0.5813  5
54450.00   0.6121  6
54500.00   0.6121  6
54550.00   0.4968  2
54600.00   0.5236  3
54650.00   0.5236  3
54700.00   0.5813  5
54750.00   0.5236  3
54800.00   0.5236  3
54850.00   0.4700  1
54900.00   0.4700  1
54950.00   0.4700  1
55000.00   0.4700  1
55050.00   0.4700  1
55100.00   0.4968  2
55150.00   0.6121  6
55200.00   0.6776  8
55250.00   0.4700  1
55300.00   0.5813  5
55350.00   0.4968  2
55400.00   0.4700  1
55450.00   0.5236  3
55500.00   0.4968  2
55550.00   0.6776  8
55600.00   0.5514  4
55650.00   0.6121  6
55700.00   0.4968  2
55750.00   0.6121  6
55800.00   0.5236  3
55850.00   0.5236  3
55900.00   0.4700  1
55950.00   0.4968  2
56000.00   0.4968  2
56050.00   0.5514  4
56100.00   0.4700  1
56150.00   0.4968  2
56200.00   0.5514  4
56250.00   0.5813  5
56300.00   0.6776  8
56350.00   0.6776  8
56400.00   0.5813  5
56450.00   0.5236  3
56500.00   0.5236  3
56550.00   0.4968  2
56600.00   0.6776  8
56650.00   0.6776  8
56700.00   0.5514  4
56750.00   0.5236  3
56800.00   0.6121  6
56850.00   0.4700  1
56900.00   0.4968  2
56950.00   0.4968  2
57000.00   0.4700  1
57050.00   0.5514  4
57100.00   0.5236  3
57150.00   0.6448  7
57200.00   0.5236  3
57250.00   0.4700  1
57300.00   0.5236  3
57350.00   0.4700  1
57400.00   0.5514  4
57450.00   0.4968  2
57500.00   0.4700  1
57550.00   0.5236  3
57600.01   0.5236  3
57650.00   0.4700  1
57700.00   0.6776  8
57750.00   0.6448  7
57800.00   0.6448  7
57850.00   0.5236  3
57900.00   0.5236  3
57950.00   0.5236  3
58000.00   0.5813  5
58050.00   0.6121  6
58100.00   0.5813  5
58150.00   0.5236  3
58200.00   0.6448  7
58250.00   0.4968  2
58300.00   0.5514  4
58350.00   0.5236  3
58400.00   0.5236  3
58450.00   0.6448  7
58500.00   0.5514  4
58550.00   0.5236  3
58600.00   0.5514  4
58650.00   0.4700  1
58700.00   0.5514  4
58750.00   0.5813  5
58800.00   0.4700  1
58850.00   0.5236  3
58900.00   0.4968  2
58950.00   0.4700  1
59000.00   0.4700  1
59050.00   0.5236  3
59100.00   0.4700  1
59150.00   0.6448  7
59200.00   0.4968  2
59250.00   0.5514  4
59300.00   0.5813  5
59350.00   0.5236  3
59400.00   0.4968  2
59450.00   0.4700  1
59500.00   0.4700  1
59550.00   0.4968  2
59600.00   0.5236  3
59650.00   0.5813  5
59700.00   0.4968  2
59750.00   0.5813  5
59800.00   0.4700  1
59850.00   0.6121  6
59900.00   0.6121  6
59950.00   0.4968  2
60000.00   0.4700  1
60050.00   0.4968  2
60100.00   0.6121  6
60150.00   0.4700  1
60200.00   0.4968  2
60250.00   0.6121  6
60300.00   0.6121  6
60350.00   0.4700  1
60400.00   0.5236  3
60450.00   0.6121  6
60500.00   0.6121  6
60550.00   0.4968  2
60600.00   0.5813  5
60650.00   0.5514  4
60700.00   0.4700  1
60750.00   0.4700  1
60800.00   0.4700  1
60850.00   0.5236  3
60900.00   0.4700  1
60950.00   0.4968  2
61000.00   0.5514  4
61050.00   0.5813  5
61100.00   0.4968  2
61150.00   0.6121  6
61200.00   0.4968  2
61250.00   0.4700  1
61300.00   0.6121  6
61350.00   0.5813  5
61400.00   0.6121  6
61450.00   0.5514  4
61500.00   0.5236  3
61550.00   0.6448  7
61600.00   0.5236  3
61650.00   0.6448  7
61700.00   0.4968  2
61750.00   0.4700  1
61800.00   0.5514  4
61850.00   0.5236  3
61900.00   0.5236  3
61950.00   0.6121  6
62000.00   0.4700  1
62050.00   0.5236  3
62100.00   0.4968  2
62150.00   0.6121  6
62200.00   0.6121  6
62250.00   0.5236  3
62300.00   0.5514  4
62350.00   0.4968  2
62400.00   0.4700  1
62450.00   0.5813  5
62500.00   0.6121  6
62550.00   0.6448  7
62600.00   0.5236  3
62650.00   0.6448  7
62700.00   0.5514  4
62750.00   0.5236  3
62800.00   0.5813  5
62850.00   0.6121  6
62900.00   0.5813  5
62950.00   0.4968  2
63000.00   0.6121  6
63050.00   0.5514  4
63100.00   0.6448  7
63150.00   0.5514  4
63200.00   0.5813  5
63250.00   0.5514  4
63300.00   0.6121  6
63350.00   0.4968  2
63400.00   0.6448  7
63450.00   0.6448  7
63500.00   0.5813  5
63550.00   0.5514  4
63600.00   0.5236  3
63650.00   0.6121  6
63700.00   0.4700  1
63750.00   0.4968  2
63800.00   0.4968  2
63850.00   0.4968  2
63900.00   0.6121  6
63950.00   0.6121  6
64000.00   0.6121  6
64050.00   0.6121  6
64100.00   0.6448  7
64150.00   0.6121  6
64200.00   0.6121  6
64250.00   0.5813  5
64300.00   0.4700  1
64350.00   0.5236  3
64400.00   0.5236  3
64450.00   0.4968  2
64500.00   0.5813  5
64550.00   0.5514  4
64600.01   0.4700  1
64650.00   0.5236  3
64700.00   0.5514  4
64750.00   0.6448  7
64800.00   0.5514  4
64850.00   0.4700  1
64900.00   0.5514  4
64950.00   0.5813  5
65000.00   0.5236  3
65050.00   0.5514  4
65100.00   0.6448  7
65150.00   0.6448  7
65200.00   0.5514  4
65250.00   0.4700  1
65300.00   0.4700  1
65350.00   0.6121  6
65400.00   0.5813  5
65450.00   0.6121  6
65500.00   0.4700  1
65550.00   0.6121  6
65600.00   0.6448  7
65650.00   0.5236  3
65700.00   0.6448  7
65750.00   0.5813  5
65800.00   0.6121  6
65850.00   0.4968  2
65900.00   0.4968  2
65950.00   0.4968  2
66000.00   0.5236  3
66050.00   0.5236  3
66100.00   0.4700  1
66150.00   0.6121  6
66200.00   0.4968  2
66250.00   0.5813  5
66300.00   0.6121  6
66350.00   0.6448  7
66400.00   0.4968  2
66450.00   0.5813  5
66500.00   0.5236  3
66550.00   0.4700  1
66600.00   0.4968  2
66650.00   0.5514  4
66700.00   0.4968  2
66750.00   0.5236  3
66800.00   0.5514  4
66850.00   0.6448  7
66900.00   0.6448  7
66950.00   0.5236  3
67000.00   0.5514  4
67050.00   0.5236  3
67100.00   0.4700  1
67150.00   0.5514  4
67200.00   0.6448  7
67250.00   0.4700  1
67300.00   0.5813  5
67350.00   0.6121  6
67400.00   0.6121  6
67450.00   0.6448  7
67500.00   0.6448  7
67550.00   0.4968  2
67600.00   0.5813  5
67650.00   0.4968  2
67700.00   0.4968  2
67750.00   0.4968  2
67800.00   0.5236  3
67850.00   0.5236  3
67900.00   0.4700  1
67950.00   0.5514  4
68000.00   0.4968  2
68050.00   0.5813  5
68100.00   0.5514  4
68150.00   0.6121  6
68200.00   0.5514  4
68250.00   0.4968  2
68300.00   0.6121  6
68350.00   0.4968  2
68400.00   0.4968  2
68450.00   0.5236  3
68500.00   0.6448  7
68550.00   0.5813  5
68600.00   0.5236  3
68650.00   0.5236  3
68700.00   0.5813  5
68750.00   0.4968  2
68800.00   0.4700  1
68850.00   0.4968  2
68900.00   0.4968  2
68950.00   0.4700  1
69000.00   0.4968  2
69050.00   0.4700  1
69100.00   0.5514  4
69150.00   0.5236  3
69200.00   0.6121  6
69250.00   0.5514  4
69300.00   0.4968  2
69350.00   0.4700  1
69400.00   0.6121  6
69450.00   0.5236  3
69500.00   0.4968  2
69550.00   0.5813  5
69600.00   0.4700  1
69650.00   0.5236  3
69700.00   0.5514  4
69750.00   0.7134  9
69800.00   0.5236  3
69850.00   0.5236  3
69900.00   0.4700  1
69950.00   0.6121  6
70000.00   0.4700  1
70050.00   0.4968  2
70100.00   0.4700  1
70150.00   0.4968  2
70200.00   0.4700  1
70250.00   0.5813  5
70300.00   0.6121  6
70350.00   0.5514  4
70400.00   0.6448  7
70450.00   0.6121  6
70500.00   0.5813  5
70550.00   0.5514  4
70600.00   0.5813  5
70650.00   0.5514  4
70700.00   0.5813  5
70750.00   0.4700  1
70800.00   0.5813  5
70850.00   0.6448  7
70900.00   0.5514  4
70950.01   0.6448  7
71000.00   0.6121  6
71050.00   0.6448  7
71100.00   0.5514  4
71150.00   0.4968  2
71200.00   0.5813  5
71250.00   0.6448  7
71300.00   0.6121  6
71350.00   0.5514  4
71400.00   0.5236  3
71450.00   0.5813  5
71500.00   0.6448  7
71550.00   0.5514  4
71600.00   0.4968  2
71650.00   0.5813  5
71700.00   0.6448  7
71750.00   0.5813  5
71800.00   0.5813  5
71850.00   0.5813  5
71900.00   0.5236  3
71950.00   0.5813  5
72000.00   0.5813  5
72050.00   0.5813  5
72100.00   0.4968  2
72150.00   0.5813  5
72200.00   0.5813  5
72250.00   0.5514  4
72300.00   0.6121  6
72350.00   0.5514  4
72400.00   0.5236  3
72450.00   0.6121  6
72500.00   0.6121  6
72550.00   0.5514  4
72600.00   0.6121  6
72650.00   0.5514  4
72700.00   0.5236  3
72750.00   0.5236  3
72800.00   0.4968  2
72850.00   0.5813  5
72900.00   0.6448  7
72950.00   0.5514  4
73000.00   0.6448  7
73050.00   0.5236  3
73100.00   0.6121  6
73150.00   0.6121  6
73200.00   0.5813  5
73250.00   0.6776  8
73300.00   0.5813  5
73350.00   0.5813  5
73400.00   0.5514  4
73450.00   0.6121  6
73500.00   0.5514  4
73550.00   0.4968  2
73600.00   0.6448  7
73650.00   0.6448  7
73700.00   0.6448  7
73750.00   0.6121  6
73800.00   0.5514  4
73850.00   0.6776  8
73900.00   0.5514  4
73950.00   0.5236  3
74000.00   0.6121  6
74050.01   0.5236  3
74100.00   0.5514  4
74150.00   0.6448  7
74200.00   0.6121  6
74250.00   0.6776  8
74300.00   0.6448  7
74350.00   0.5514  4
74400.00   0.6121  6
74450.00   0.6448  7
74500.00   0.6448  7
74550.00   0.5514  4
74600.00   0.4968  2
74650.00   0.5514  4
74700.00   0.4968  2
74750.00   0.6121  6
74800.00   0.5514  4
74850.00   0.5813  5
74900.00   0.5813  5
74950.00   0.6776  8
75000.00   0.6121  6
75050.00   0.5813  5
75100.00   0.5813  5
75150.00   0.5236  3
75200.00   0.5813  5
75250.00   0.6448  7
75300.00   0.5813  5
75350.00   0.6448  7
75400.00   0.5514  4
75450.00   0.5813  5
75500.00   0.5514  4
75550.00   0.6121  6
75600.00   0.6448  7
75650.00   0.5813  5
75700.00   0.4968  2
75750.00   0.6121  6
75800.00   0.6121  6
75850.00   0.6121  6
75900.00   0.5813  5
75950.00   0.6121  6
76000.00   0.6121  6
76050.00   0.5813  5
76100.00   0.5813  5
76150.00   0.4968  2
76200.00   0.4968  2
76250.00   0.4700  1
76300.00   0.6121  6
76350.00   0.5236  3
76400.00   0.6121  6
76450.00   0.5236  3
76500.00   0.5514  4
76550.00   0.5514  4
76600.00   0.5813  5
76650.00   0.5236  3
76700.00   0.5236  3
76750.00   0.5813  5
76800.00   0.4968  2
76850.00   0.5236  3
76900.00   0.4968  2
76950.00   0.4968  2
77000.00   0.5514  4
77050.00   0.6448  7
77100.00   0.5236  3
77150.00   0.4968  2
77200.00   0.4700  1
77250.00   0.4968  2
77300.00   0.5236  3
77350.01   0.4968  2
77400.00   0.4700  1
77450.00   0.4700  1
77500.00   0.4968  2
77550.00   0.5813  5
77600.00   0.4700  1
77650.01   0.4700  1
77700.00   0.4968  2
77750.00   0.5236  3
77800.00   0.4968  2
77850.00   0.4700  1
77900.00   0.5514  4
77950.00   0.4968  2
78000.00   0.5236  3
78050.00   0.6121  6
78100.00   0.5514  4
78150.00   0.6121  6
78200.00   0.5813  5
78250.00   0.4968  2
78300.00   0.6448  7
78350.00   0.5236  3
78400.00   0.5236  3
78450.00   0.4700  1
78500.00   0.6448  7
78550.00   0.5514  4
78600.00   0.5514  4
78650.01   0.4968  2
78700.00   0.5514  4
78750.00   0.6121  6
78800.00   0.4968  2
78850.00   0.4700  1
78900.00   0.4968  2
78950.00   0.4968  2
79000.00   0.5514  4
79050.00   0.5514  4
79100.00   0.6121  6
79150.00   0.4700  1
79200.00   0.5236  3
79250.00   0.4700  1
79300.00   0.6121  6
79350.00   0.5236  3
79400.00   0.4968  2
79450.00   0.5514  4
79500.01   0.5236  3
79550.00   0.4700  1
79600.00   0.4968  2
79650.00   0.5813  5
79700.00   0.4700  1
79750.00   0.5236  3
79800.00   0.5813  5
79850.00   0.4968  2
79900.00   0.4700  1
79950.00   0.4968  2
80000.00   0.5514  4
80050.01   0.4700  1
80100.00   0.4700  1
80150.00   0.5514  4
80200.00   0.4968  2
80250.00   0.6448  7
80300.00   0.5514  4
80350.00   0.4700  1
80400.00   0.6121  6
80450.00   0.4700  1
80500.00   0.4700  1
80550.00   0.5236  3
80600.00   0.5813  5
80650.00   0.6121  6
80700.00   0.4700  1
80750.00   0.4700  1
80800.00   0.4700  1
80850.00   0.4700  1
80900.00   0.5514  4
80950.00   0.4700  1
81000.00   0.6121  6
81050.00   0.5813  5
81100.00   0.4968  2
81150.00   0.4700  1
81200.00   0.6121  6
81250.00   0.6121  6
81300.00   0.6448  7
81350.00   0.6776  8
81400.01   0.6121  6
81450.00   0.5813  5
81500.00   0.5236  3
81550.00   0.4700  1
81600.00   0.5813  5
81650.00   0.5514  4
81700.00   0.5813  5
81750.00   0.5514  4
81800.00   0.5813  5
81850.00   0.5514  4
81900.00   0.5813  5
81950.00   0.5236  3
82000.00   0.4968  2
82050.00   0.6776  8
82100.00   0.6776  8
82150.00   0.6121  6
82200.00   0.4968  2
82250.00   0.5236  3
82300.00   0.4968  2
82350.00   0.6121  6
82400.00   0.5236  3
82450.00   0.4968  2
82500.00   0.5514  4
82550.00   0.4968  2
82600.00   0.4700  1
82650.00   0.5236  3
82700.00   0.6121  6
82750.00   0.5236  3
82800.00   0.4700  1
82850.00   0.5514  4
82900.00   0.5813  5
82950.00   0.6448  7
83000.00   0.4700  1
83050.00   0.4700  1
83100.00   0.4700  1
83150.00   0.4700  1
83200.00   0.5236  3
83250.00   0.5514  4
83300.00   0.5236  3
83350.00   0.5236  3
83400.00   0.5813  5
83450.00   0.6121  6
83500.00   0.4700  1
83550.00   0.5813  5
83600.00   0.5514  4
83650.00   0.4700  1
83700.00   0.5514  4
83750.00   0.4968  2
83800.00   0.6121  6
83850.00   0.4968  2
83900.00   0.4968  2
83950.00   0.5813  5
84000.00   0.5236  3
84050.00   0.6776  8
84100.00   0.5813  5
84150.00   0.5514  4
84200.00   0.4968  2
84250.00   0.6448  7
84300.00   0.4700  1
84350.00   0.5236  3
84400.00   0.4968  2
84450.00   0.4968  2
84500.00   0.5236  3
84550.00   0.4968  2
84600.00   0.6448  7
84650.00   0.4968  2
84700.00   0.7134  9
84750.00   0.4968  2
84800.00   0.5236  3
84850.00   0.6448  7
84900.00   0.6121  6
84950.00   0.5236  3
85000.00   0.4700  1
85050.00   0.4968  2
85100.00   0.6121  6
85150.00   0.5813  5
85200.00   0.5813  5
85250.00   0.5514  4
85300.00   0.6121  6
85350.00   0.6776  8
85400.00   0.5514  4
85450.00   0.6776  8
85500.00   0.5813  5
85550.00   0.4968  2
85600.00   0.5813  5
85650.01   0.5514  4
85700.00   0.4968  2
85750.00   0.4968  2
85800.00   0.4968  2
85850.00   0.5514  4
85900.00   0.6448  7
85950.00   0.5514  4
86000.00   0.4968  2
86050.00   0.5813  5
86100.00   0.6121  6
86150.00   0.4700  1
86200.00   0.6121  6
86250.00   0.6121  6
86300.00   0.5236  3
86350.00   0.6448  7
86400.00   0.5813  5
86450.00   0.4968  2
86500.00   0.4700  1
86550.00   0.4968  2
86600.00   0.7134  9
86650.00   0.4968  2
86700.00   0.4968  2
86750.00   0.4700  1
86800.00   0.4700  1
86850.00   0.4968  2
86900.00   0.6121  6
86950.00   0.4968  2
87000.00   0.4700  1
87050.00   0.4700  1
87100.00   0.4700  1
87150.01   0.6121  6
87200.00   0.5514  4
87250.00   0.5236  3
87300.00   0.4700  1
87350.00   0.4968  2
87400.00   0.5514  4
87450.00   0.5514  4
87500.00   0.5514  4
87550.01   0.5236  3
87600.00   0.6121  6
87650.00   0.6448  7
87700.01   0.6121  6
87750.00   0.5813  5
87800.00   0.6448  7
87850.00   0.5514  4
87900.00   0.6448  7
87950.00   0.6448  7
88000.00   0.5813  5
88050.00   0.6121  6
88100.00   0.4700  1
88150.00   0.4968  2
88200.00   0.4968  2
88250.00   0.5813  5
88300.00   0.5813  5
88350.00   0.6448  7
88400.00   0.6448  7
88450.00   0.5236  3
88500.00   0.6121  6
88550.00   0.4700  1
88600.00   0.4968  2
88650.00   0.6121  6
88700.00   0.6448  7
88750.00   0.6448  7
88800.00   0.5236  3
88850.00   0.6121  6
88900.00   0.6121  6
88950.00   0.5514  4
89000.00   0.6121  6
89050.00   0.4968  2
89100.00   0.6121  6
89150.00   0.4968  2
89200.00   0.5813  5
89250.00   0.4700  1
89300.00   0.6448  7
89350.00   0.4968  2
89400.00   0.4700  1
89450.00   0.5514  4
89500.00   0.5236  3
89550.00   0.6448  7
89600.00   0.6121  6
89650.00   0.6448  7
89700.00   0.6776  8
89750.00   0.5236  3
89800.00   0.5236  3
89850.00   0.6121  6
89900.00   0.6448  7
89950.00   0.4700  1
90000.00   0.5514  4
90050.00   0.6121  6
90100.00   0.4700  1
90150.00   0.6121  6
90200.00   0.5514  4
90250.00   0.5514  4
90300.01   0.5514  4
90350.01   0.4700  1
90400.00   0.4700  1
90450.00   0.4700  1
90500.00   0.6121  6
90550.00   0.6448  7
90600.00   0.4968  2
90650.00   0.5813  5
90700.00   0.5514  4
90750.00   0.4968  2
90800.00   0.6448  7
90850.00   0.5514  4
90900.00   0.5514  4
90950.00   0.5236  3
91000.00   0.6448  7
91050.00   0.6121  6
91100.00   0.5514  4
91150.00   0.4968  2
91200.00   0.5236  3
91250.00   0.5236  3
91300.00   0.5813  5
91350.00   0.6121  6
91400.00   0.5813  5
91450.00   0.5236  3
91500.00   0.5236  3
91550.00   0.4700  1
91600.00   0.6776  8
91650.00   0.4700  1
91700.00   0.5236  3
91750.00   0.5514  4
91800.00   0.6448  7
91850.00   0.5514  4
91900.00   0.6121  6
91950.00   0.5236  3
92000.00   0.5236  3
92050.00   0.5236  3
92100.00   0.6448  7
92150.00   0.4700  1
92200.00   0.5813  5
92250.00   0.5813  5
92300.00   0.5514  4
92350.00   0.4968  2
92400.00   0.6448  7
92450.00   0.6448  7
92500.00   0.4700  1
92550.00   0.6448  7
92600.00   0.6121  6
92650.00   0.5236  3
92700.00   0.4968  2
92750.00   0.4968  2
92800.00   0.5813  5
92850.00   0.5514  4
92900.00   0.6121  6
92950.00   0.6121  6
93000.00   0.5236  3
93050.00   0.4700  1
93100.00   0.5813  5
93150.00   0.6121  6
93200.00   0.5236  3
93250.00   0.5236  3
93300.00   0.5514  4
93350.00   0.5236  3
93400.00   0.5236  3
93450.00   0.5813  5
93500.00   0.5514  4
93550.00   0.6121  6
93600.00   0.4700  1
93650.00   0.4968  2
93700.00   0.6121  6
93750.00   0.6121  6
93800.00   0.5514  4
93850.00   0.4700  1
93900.00   0.6121  6
93950.00   0.5236  3
94000.00   0.4968  2
94050.00   0.5813  5
94100.00   0.5514  4
94150.00   0.6121  6
94200.00   0.4700  1
94250.00   0.5236  3
94300.00   0.6121  6
94350.00   0.5514  4
94400.00   0.4700  1
94450.00   0.5813  5
94500.00   0.6121  6
94550.00   0.4700  1
94600.00   0.5514  4
94650.00   0.4700  1
94700.00   0.4700  1
94750.00   0.6448  7
94800.00   0.4700  1
94850.00   0.5813  5
94900.00   0.4700  1
94950.00   0.4968  2
95000.00   0.5813  5
95050.00   0.6121  6
95100.00   0.4968  2
95150.00   0.5514  4
95200.00   0.4968  2
95250.00   0.5813  5
95300.00   0.5813  5
95350.00   0.4968  2
95400.00   0.4968  2
95450.00   0.4700  1
95500.00   0.4968  2
95550.00   0.6121  6
95600.00   0.5236  3
95650.00   0.4968  2
95700.00   0.5236  3
95750.00   0.4700  1
95800.00   0.4700  1
95850.00   0.4968  2
95900.00   0.6121  6
95950.00   0.5514  4
96000.00   0.5514  4
96050.00   0.5236  3
96100.00   0.5813  5
96150.00   0.5236  3
96200.00   0.6121  6
96250.00   0.4700  1
96300.00   0.4968  2
96350.01   0.5236  3
96400.00   0.5236  3
96450.00   0.6448  7
96500.00   0.4968  2
96550.00   0.6121  6
96600.00   0.4700  1
96650.00   0.4700  1
96700.00   0.5236  3
96750.00   0.5236  3
96800.00   0.4968  2
96850.00   0.5813  5
96900.00   0.5236  3
96950.00   0.4700  1
97000.00   0.5813  5
97050.00   0.5236  3
97100.01   0.4968  2
97150.00   0.4968  2
97200.00   0.6448  7
97250.00   0.4968  2
97300.00   0.5236  3
97350.00   0.5236  3
97400.00   0.4968  2
97450.00   0.4968  2
97500.00   0.5236  3
97550.00   0.4700  1
97600.00   0.6121  6
97650.00   0.5236  3
97700.00   0.5236  3
97750.00   0.4700  1
97800.00   0.6121  6
97850.00   0.5514  4
97900.00   0.4968  2
97950.00   0.6121  6
98000.00   0.5236  3
98050.00   0.4968  2
98100.00   0.4700  1
98150.00   0.5813  5
98200.00   0.4700  1
98250.00   0.5514  4
98300.00   0.6448  7
98350.00   0.4968  2
98400.00   0.5813  5
98450.00   0.4700  1
98500.00   0.4968  2
98550.00   0.5813  5
98600.00   0.5813  5
98650.00   0.6776  8
98700.00   0.5236  3
98750.00   0.4968  2
98800.00   0.5236  3
98850.00   0.4968  2
98900.00   0.4968  2
98950.00   0.4968  2
99000.00   0.5514  4
99050.00   0.5813  5
99100.00   0.6121  6
99150.00   0.4700  1
99200.00   0.5514  4
99250.00   0.6448  7
99300.00   0.6776  8
99350.00   0.6448  7
99400.00   0.5813  5
99450.00   0.6448  7
99500.00   0.6121  6
99550.00   0.6121  6
99600.00   0.6121  6
99650.00   0.5813  5
99700.00   0.5813  5
99750.00   0.5813  5
99800.00   0.6448  7
99850.00   0.5236  3
99900.00   0.4700  1
99950.00   0.4968  2
100000.00   0.5236  3
