50.00   0.5236  3
100.00   0.4700  1
150.00   0.4700  1
200.01   0.4968  2
250.00   0.4700  1
300.00   0.4700  1
350.00   0.5813  5
400.00   0.5813  5
450.00   0.5236  3
500.00   0.4700  1
550.00   0.4700  1
600.00   0.4700  1
650.00   0.5514  4
700.00   0.5813  5
750.00   0.4968  2
800.00   0.4968  2
850.00   0.4968  2
900.00   0.5514  4
950.00   0.4968  2
1000.00   0.4968  2
1050.00   0.5236  3
1100.00   0.4968  2
1150.00   0.4700  1
1200.00   0.4700  1
1250.00   0.5514  4
1300.00   0.5236  3
1350.00   0.5514  4
1400.00   0.4968  2
1450.00   0.5236  3
1500.00   0.4968  2
1550.00   0.5514  4
1600.00   0.4968  2
1650.00   0.5813  5
1700.00   0.5514  4
1750.00   0.5514  4
1800.00   0.5813  5
1850.00   0.5514  4
1900.00   0.5514  4
1950.00   0.5514  4
2000.00   0.4968  2
2050.00   0.4700  1
2100.00   0.4968  2
2150.01   0.5813  5
2200.00   0.4968  2
2250.00   0.7869 11
2300.00   0.5813  5
2350.00   0.4700  1
2400.00   0.6121  6
2450.00   0.5236  3
2500.00   0.4700  1
2550.01   0.4700  1
2600.00   0.4968  2
2650.00   0.4700  1
2700.00   0.5236  3
2750.00   0.5514  4
2800.00   0.5236  3
2850.00   0.4968  2
2900.00   0.5236  3
2950.00   0.5236  3
3000.00   0.4700  1
3050.00   0.4968  2
3100.00   0.4700  1
3150.00   0.4700  1
3200.00   0.5236  3
3250.00   0.5236  3
3300.00   0.4968  2
3350.00   0.4700  1
3400.00   0.4968  2
3450.00   0.4700  1
3500.00   0.6776  8
3550.00   0.6448  7
3600.00   0.4968  2
3650.00   0.5813  5
3700.00   0.5236  3
3750.00   0.4968  2
3800.00   0.4968  2
3850.00   0.4968  2
3900.01   0.5514  4
3950.00   0.5514  4
4000.00   0.5813  5
4050.00   0.6448  7
4100.00   0.5236  3
4150.00   0.6121  6
4200.00   0.6121  6
4250.00   0.4968  2
4300.00   0.4968  2
4350.00   0.5236  3
4400.00   0.4968  2
4450.00   0.5813  5
4500.00   0.5236  3
4550.00   0.5236  3
4600.00   0.5514  4
4650.00   0.5514  4
4700.00   0.5236  3
4750.00   0.4700  1
4800.00   0.4700  1
4850.00   0.4700  1
4900.00   0.5236  3
4950.00   0.5236  3
5000.00   0.5514  4
5050.00   0.5514  4
5100.00   0.5813  5
5150.00   0.6121  6
5200.00   0.4968  2
5250.00   0.4968  2
5300.00   0.5236  3
5350.00   0.6448  7
5400.00   0.5813  5
5450.00   0.5514  4
5500.00   0.4700  1
5550.00   0.4700  1
5600.00   0.4700  1
5650.00   0.4968  2
5700.00   0.6121  6
5750.00   0.5813  5
5800.00   0.5813  5
5850.00   0.4968  2
5900.00   0.4700  1
5950.00   0.4700  1
6000.00   0.5813  5
6050.00   0.5813  5
6100.00   0.4700  1
6150.00   0.4700  1
6200.00   0.5514  4
6250.00   0.5236  3
6300.00   0.5514  4
6350.00   0.5236  3
6400.00   0.5236  3
6450.00   0.5514  4
6500.00   0.5236  3
6550.00   0.5236  3
6600.00   0.5514  4
6650.00   0.4700  1
6700.00   0.4968  2
6750.00   0.4968  2
6800.00   0.4700  1
6850.01   0.4968  2
6900.00   0.5236  3
6950.00   0.5236  3
7000.00   0.5514  4
7050.00   0.5514  4
7100.00   0.5236  3
7150.00   0.4700  1
7200.00   0.5236  3
7250.00   0.4968  2
7300.00   0.5236  3
7350.00   0.5236  3
7400.00   0.4700  1
7450.00   0.4968  2
7500.00   0.5514  4
7550.01   0.5236  3
7600.00   0.4700  1
7650.00   0.4968  2
7700.00   0.4968  2
7750.00   0.4700  1
7800.00   0.5236  3
7850.01   0.4700  1
7900.00   0.4700  1
7950.00   0.6121  6
8000.00   0.4968  2
8050.00   0.5813  5
8100.00   0.5236  3
8150.00   0.4700  1
8200.00   0.5236  3
8250.00   0.4968  2
8300.00   0.5514  4
8350.00   0.5236  3
8400.00   0.6448  7
8450.00   0.4700  1
8500.00   0.5813  5
8550.00   0.4968  2
8600.00   0.6121  6
8650.00   0.4968  2
8700.00   0.5813  5
8750.01   0.4968  2
8800.00   0.4700  1
8850.00   0.6448  7
8900.00   0.4700  1
8950.00   0.4700  1
9000.00   0.7134  9
9050.00   0.4968  2
9100.00   0.5236  3
9150.00   0.5813  5
9200.00   0.5236  3
9250.00   0.7134  9
9300.00   0.5813  5
9350.00   0.5514  4
9400.00   0.5813  5
9450.00   0.5813  5
9500.00   0.4700  1
9550.00   0.4700  1
9600.00   0.5813  5
9650.00   0.4968  2
9700.00   0.5236  3
9750.01   0.5514  4
9800.00   0.6121  6
9850.00   0.4700  1
9900.00   0.5514  4
9950.00   0.4968  2
10000.00   0.5813  5
10050.00   0.5236  3
10100.00   0.5236  3
10150.00   0.5236  3
10200.00   0.6448  7
10250.00   0.6121  6
10300.00   0.5514  4
10350.01   0.4968  2
10400.00   0.6121  6
10450.00   0.5813  5
10500.00   0.6121  6
10550.00   0.5236  3
10600.00   0.7134  9
10650.00   0.5813  5
10700.00   0.4968  2
10750.00   0.4700  1
10800.00   0.5813  5
10850.00   0.5236  3
10900.00   0.4968  2
10950.00   0.5236  3
11000.00   0.4700  1
11050.00   0.5236  3
11100.00   0.5514  4
11150.00   0.5236  3
11200.00   0.5236  3
11250.00   0.4968  2
11300.00   0.5236  3
11350.00   0.5514  4
11400.00   0.4968  2
11450.00   0.6121  6
11500.00   0.4700  1
11550.00   0.4700  1
11600.00   0.4968  2
11650.00   0.5813  5
11700.00   0.4968  2
11750.00   0.5236  3
11800.00   0.4700  1
11850.00   0.4700  1
11900.00   0.4968  2
11950.01   0.5514  4
12000.00   0.4700  1
12050.01   0.4968  2
12100.00   0.5514  4
12150.00   0.5236  3
12200.00   0.5236  3
12250.00   0.4968  2
12300.01   0.4968  2
12350.00   0.5236  3
12400.00   0.5514  4
12450.00   0.5514  4
12500.00   0.6121  6
12550.00   0.6121  6
12600.00   0.4700  1
12650.00   0.6121  6
12700.00   0.6121  6
12750.00   0.4700  1
12800.00   0.5236  3
12850.00   0.6121  6
12900.00   0.5236  3
12950.00   0.4968  2
13000.00   0.5236  3
13050.00   0.5813  5
13100.00   0.5236  3
13150.00   0.6121  6
13200.00   0.5236  3
13250.01   0.6776  8
13300.00   0.4700  1
13350.00   0.5514  4
13400.00   0.6448  7
13450.00   0.4700  1
13500.00   0.5236  3
13550.00   0.5236  3
13600.00   0.7492 10
13650.00   0.6448  7
13700.00   0.5813  5
13750.00   0.4700  1
13800.00   0.6448  7
13850.00   0.5236  3
13900.00   0.5813  5
13950.00   0.5236  3
14000.00   0.5813  5
14050.00   0.5514  4
14100.00   0.5514  4
14150.00   0.6448  7
14200.00   0.4968  2
14250.00   0.4968  2
14300.00   0.4968  2
14350.00   0.5514  4
14400.00   0.4968  2
14450.00   0.4700  1
14500.00   0.5813  5
14550.00   0.4700  1
14600.00   0.5236  3
14650.00   0.5514  4
14700.01   0.5236  3
14750.00   0.6121  6
14800.00   0.6121  6
14850.00   0.4700  1
14900.00   0.6121  6
14950.00   0.5813  5
15000.00   0.4968  2
15050.00   0.4968  2
15100.00   0.6121  6
15150.00   0.4700  1
15200.00   0.4968  2
15250.00   0.4700  1
15300.01   0.4968  2
15350.00   0.5236  3
15400.00   0.4700  1
15450.00   0.4968  2
15500.00   0.4968  2
15550.00   0.5514  4
15600.00   0.4968  2
15650.00   0.5813  5
15700.00   0.4700  1
15750.00   0.5813  5
15800.00   0.5236  3
15850.00   0.4700  1
15900.00   0.5514  4
15950.00   0.6121  6
16000.00   0.6121  6
16050.00   0.5514  4
16100.00   0.5514  4
16150.00   0.4700  1
16200.00   0.7134  9
16250.00   0.5813  5
16300.00   0.5236  3
16350.00   0.4700  1
16400.01   0.4700  1
16450.00   0.4968  2
16500.00   0.4968  2
16550.00   0.5236  3
16600.00   0.6448  7
16650.00   0.5813  5
16700.00   0.4968  2
16750.00   0.4968  2
16800.00   0.6121  6
16850.00   0.4700  1
16900.00   0.4968  2
16950.00   0.4700  1
17000.00   0.5813  5
17050.00   0.6121  6
17100.00   0.5236  3
17150.00   0.4700  1
17200.00   0.4700  1
17250.00   0.5236  3
17300.00   0.4968  2
17350.00   0.5813  5
17400.00   0.5813  5
17450.00   0.4700  1
17500.00   0.6121  6
17550.00   0.5236  3
17600.00   0.6121  6
17650.00   0.4968  2
17700.00   0.4968  2
17750.00   0.4700  1
17800.00   0.4700  1
17850.00   0.4700  1
17900.00   0.5236  3
17950.00   0.4700  1
18000.00   0.4700  1
18050.00   0.5514  4
18100.00   0.4968  2
18150.00   0.4700  1
18200.00   0.4968  2
18250.00   0.4968  2
18300.00   0.5236  3
18350.00   0.5236  3
18400.01   0.5813  5
18450.00   0.5813  5
18500.00   0.4700  1
18550.00   0.5236  3
18600.00   0.4968  2
18650.00   0.6121  6
18700.00   0.4700  1
18750.00   0.5813  5
18800.00   0.5514  4
18850.00   0.4968  2
18900.00   0.6121  6
18950.00   0.4968  2
19000.00   0.5236  3
19050.00   0.6448  7
19100.00   0.5514  4
19150.00   0.5236  3
19200.00   0.6121  6
19250.00   0.4968  2
19300.00   0.4700  1
19350.00   0.5514  4
19400.00   0.6776  8
19450.00   0.5813  5
19500.00   0.6121  6
19550.00   0.4968  2
19600.00   0.4700  1
19650.00   0.5813  5
19700.00   0.4700  1
19750.00   0.5514  4
19800.00   0.5236  3
19850.00   0.5514  4
19900.00   0.6121  6
19950.00   0.5514  4
20000.00   0.5236  3
20050.00   0.5514  4
20100.00   0.6448  7
20150.00   0.5813  5
20200.00   0.5514  4
20250.00   0.4968  2
20300.00   0.5236  3
20350.00   0.5514  4
20400.00   0.6121  6
20450.00   0.4700  1
20500.00   0.5813  5
20550.00   0.5514  4
20600.00   0.5514  4
20650.00   0.5514  4
20700.00   0.4968  2
20750.00   0.4700  1
20800.00   0.5236  3
20850.00   0.5514  4
20900.00   0.6121  6
20950.00   0.5514  4
21000.00   0.4700  1
21050.00   0.5514  4
21100.00   0.6121  6
21150.00   0.6121  6
21200.00   0.5236  3
21250.00   0.5236  3
21300.00   0.4968  2
21350.00   0.4968  2
21400.00   0.5236  3
21450.00   0.6448  7
21500.00   0.5813  5
21550.00   0.5236  3
21600.00   0.4968  2
21650.00   0.6121  6
21700.00   0.6776  8
21750.00   0.7134  9
21800.00   0.6121  6
21850.00   0.7134  9
21900.00   0.4700  1
21950.00   0.5514  4
22000.01   0.5236  3
22050.00   0.6121  6
22100.00   0.5813  5
22150.00   0.5236  3
22200.00   0.5236  3
22250.00   0.6776  8
22300.00   0.6448  7
22350.00   0.6121  6
22400.00   0.6121  6
22450.00   0.6776  8
22500.00   0.6776  8
22550.00   0.5514  4
22600.00   0.5514  4
22650.00   0.5514  4
22700.00   0.6448  7
22750.00   0.5236  3
22800.00   0.4700  1
22850.00   0.5813  5
22900.00   0.5514  4
22950.00   0.4968  2
23000.00   0.5813  5
23050.00   0.6448  7
23100.00   0.5236  3
23150.00   0.4700  1
23200.00   0.5813  5
23250.00   0.5514  4
23300.00   0.6448  7
23350.00   0.6448  7
23400.00   0.5236  3
23450.00   0.6448  7
23500.00   0.5236  3
23550.00   0.5514  4
23600.00   0.6448  7
23650.00   0.6776  8
23700.00   0.7134  9
23750.00   0.5514  4
23800.00   0.4968  2
23850.00   0.5514  4
23900.00   0.4968  2
23950.00   0.5813  5
24000.00   0.5514  4
24050.01   0.5236  3
24100.00   0.5514  4
24150.00   0.4968  2
24200.00   0.4968  2
24250.00   0.5236  3
24300.00   0.5236  3
24350.00   0.5813  5
24400.00   0.5236  3
24450.00   0.6448  7
24500.00   0.4700  1
24550.00   0.5236  3
24600.00   0.5514  4
24650.00   0.5236  3
24700.00   0.6448  7
24750.00   0.6121  6
24800.00   0.5813  5
24850.00   0.6121  6
24900.00   0.5813  5
24950.00   0.6121  6
25000.00   0.6776  8
25050.00   0.6448  7
25100.00   0.6776  8
25150.00   0.5236  3
25200.00   0.5236  3
25250.00   0.5514  4
25300.00   0.4700  1
25350.00   0.5514  4
25400.00   0.4968  2
25450.00   0.4968  2
25500.00   0.5236  3
25550.00   0.4968  2
25600.00   0.5813  5
25650.00   0.6121  6
25700.00   0.6121  6
25750.00   0.6121  6
25800.00   0.6776  8
25850.00   0.5236  3
25900.00   0.5813  5
25950.00   0.5813  5
26000.00   0.6776  8
26050.00   0.6776  8
26100.00   0.6121  6
26150.00   0.6121  6
26200.00   0.5514  4
26250.00   0.5236  3
26300.00   0.6121  6
26350.00   0.6776  8
26400.00   0.6448  7
26450.00   0.7134  9
26500.00   0.5514  4
26550.00   0.7134  9
26600.00   0.6448  7
26650.00   0.7134  9
26700.00   0.6776  8
26750.00   0.6776  8
26800.00   0.6121  6
26850.00   0.6776  8
26900.00   0.6776  8
26950.00   0.5514  4
27000.00   0.5514  4
27050.00   0.6776  8
27100.00   0.5813  5
27150.00   0.6448  7
27200.00   0.5236  3
27250.00   0.5813  5
27300.00   0.5236  3
27350.00   0.5514  4
27400.00   0.6448  7
27450.00   0.6121  6
27500.00   0.6121  6
27550.00   0.4700  1
27600.00   0.5514  4
27650.00   0.5514  4
27700.00   0.6121  6
27750.00   0.5236  3
27800.00   0.6121  6
27850.00   0.6776  8
27900.00   0.6121  6
27950.00   0.6776  8
28000.00   0.6448  7
28050.00   0.6448  7
28100.00   0.6776  8
28150.00   0.6448  7
28200.00   0.6121  6
28250.00   0.6121  6
28300.00   0.5514  4
28350.00   0.5514  4
28400.00   0.6448  7
28450.00   0.6448  7
28500.00   0.5514  4
28550.00   0.6776  8
28600.00   0.6776  8
28650.00   0.7492 10
28700.00   0.7134  9
28750.00   0.5236  3
28800.00   0.5813  5
28850.00   0.5813  5
28900.00   0.4700  1
28950.00   0.4968  2
29000.00   0.6776  8
29050.00   0.6448  7
29100.00   0.6448  7
29150.00   0.6448  7
29200.00   0.7134  9
29250.00   0.5813  5
29300.00   0.6121  6
29350.00   0.6121  6
29400.00   0.5813  5
29450.00   0.7134  9
29500.00   0.6448  7
29550.00   0.5236  3
29600.00   0.5514  4
29650.00   0.6448  7
29700.00   0.5514  4
29750.00   0.5813  5
29800.00   0.4700  1
29850.00   0.5236  3
29900.00   0.5236  3
29950.00   0.5514  4
30000.00   0.4968  2
30050.00   0.6121  6
30100.00   0.5813  5
30150.00   0.5236  3
30200.00   0.5236  3
30250.00   0.5514  4
30300.00   0.6448  7
30350.01   0.4700  1
30400.00   0.5236  3
30450.00   0.5813  5
30500.00   0.5236  3
30550.00   0.6121  6
30600.00   0.4968  2
30650.01   0.6448  7
30700.00   0.6448  7
30750.00   0.5813  5
30800.00   0.6448  7
30850.00   0.5813  5
30900.00   0.4700  1
30950.00   0.6448  7
31000.00   0.6121  6
31050.00   0.4700  1
31100.00   0.5236  3
31150.00   0.6121  6
31200.00   0.5813  5
31250.00   0.6776  8
31300.00   0.5813  5
31350.00   0.6776  8
31400.00   0.5514  4
31450.00   0.4700  1
31500.01   0.4700  1
31550.00   0.4700  1
31600.00   0.6776  8
31650.00   0.5236  3
31700.00   0.6448  7
31750.00   0.5813  5
31800.00   0.6121  6
31850.00   0.5514  4
31900.00   0.6776  8
31950.00   0.6121  6
32000.00   0.5813  5
32050.00   0.6776  8
32100.00   0.4700  1
32150.01   0.5813  5
32200.00   0.5813  5
32250.00   0.5236  3
32300.00   0.5514  4
32350.00   0.6776  8
32400.00   0.4700  1
32450.00   0.4968  2
32500.00   0.5514  4
32550.00   0.6121  6
32600.00   0.5813  5
32650.00   0.5236  3
32700.00   0.4700  1
32750.00   0.5236  3
32800.00   0.5514  4
32850.00   0.5236  3
32900.00   0.5813  5
32950.00   0.6121  6
33000.00   0.6448  7
33050.00   0.6121  6
33100.00   0.5236  3
33150.00   0.6776  8
33200.00   0.7134  9
33250.00   0.4700  1
33300.00   0.6448  7
33350.00   0.6776  8
33400.00   0.4700  1
33450.00   0.6121  6
33500.00   0.5236  3
33550.00   0.5514  4
33600.00   0.6776  8
33650.00   0.5514  4
33700.00   0.5236  3
33750.00   0.5236  3
33800.00   0.4700  1
33850.00   0.4968  2
33900.00   0.4968  2
33950.00   0.5236  3
34000.00   0.4968  2
34050.00   0.4700  1
34100.01   0.5236  3
34150.00   0.5813  5
34200.00   0.6121  6
34250.00   0.5236  3
34300.00   0.4700  1
34350.00   0.6448  7
34400.00   0.6121  6
34450.00   0.7134  9
34500.00   0.5514  4
34550.00   0.6448  7
34600.00   0.5813  5
34650.00   0.4700  1
34700.00   0.4968  2
34750.00   0.5236  3
34800.00   0.4700  1
34850.00   0.5813  5
34900.00   0.4700  1
34950.00   0.7134  9
35000.00   0.5236  3
35050.00   0.5813  5
35100.00   0.5813  5
35150.00   0.5236  3
35200.00   0.5813  5
35250.00   0.4700  1
35300.00   0.4700  1
35350.00   0.5813  5
35400.00   0.6121  6
35450.00   0.5813  5
35500.00   0.4968  2
35550.00   0.5514  4
35600.00   0.5514  4
35650.01   0.4700  1
35700.00   0.6448  7
35750.00   0.5514  4
35800.00   0.5813  5
35850.00   0.6121  6
35900.00   0.6121  6
35950.00   0.5236  3
36000.00   0.6121  6
36050.00   0.4700  1
36100.00   0.4968  2
36150.00   0.5236  3
36200.00   0.5514  4
36250.00   0.4968  2
36300.00   0.5514  4
36350.00   0.5514  4
36400.00   0.4968  2
36450.00   0.4700  1
36500.00   0.5236  3
36550.00   0.6121  6
36600.00   0.5813  5
36650.00   0.4700  1
36700.00   0.6448  7
36750.00   0.4700  1
36800.00   0.4968  2
36850.00   0.5514  4
36900.00   0.6448  7
36950.00   0.5813  5
37000.00   0.4968  2
37050.00   0.6121  6
37100.00   0.5236  3
37150.00   0.5514  4
37200.00   0.4968  2
37250.00   0.5514  4
37300.00   0.6121  6
37350.01   0.5236  3
37400.00   0.4700  1
37450.00   0.6121  6
37500.00   0.4968  2
37550.00   0.5236  3
37600.00   0.4968  2
37650.00   0.5514  4
37700.01   0.6448  7
37750.00   0.5236  3
37800.00   0.6776  8
37850.00   0.5813  5
37900.00   0.4968  2
37950.00   0.6121  6
38000.00   0.6121  6
38050.00   0.6776  8
38100.00   0.6776  8
38150.00   0.5813  5
38200.00   0.5514  4
38250.00   0.5236  3
38300.00   0.4968  2
38350.00   0.4968  2
38400.00   0.5236  3
38450.00   0.7134  9
38500.00   0.4968  2
38550.00   0.6121  6
38600.00   0.5236  3
38650.00   0.5514  4
38700.00   0.5236  3
38750.00   0.5514  4
38800.00   0.6121  6
38850.00   0.5813  5
38900.00   0.6121  6
38950.00   0.5514  4
39000.00   0.6448  7
39050.00   0.6448  7
39100.00   0.6776  8
39150.00   0.5813  5
39200.00   0.7492 10
39250.00   0.4968  2
39300.01   0.4700  1
39350.00   0.5514  4
39400.00   0.6121  6
39450.00   0.5514  4
39500.00   0.5236  3
39550.00   0.5236  3
39600.00   0.6776  8
39650.00   0.5236  3
39700.00   0.5813  5
39750.00   0.6448  7
39800.00   0.6448  7
39850.00   0.5236  3
39900.00   0.5236  3
39950.00   0.5514  4
40000.00   0.6121  6
40050.00   0.6448  7
40100.00   0.6448  7
40150.00   0.4700  1
40200.00   0.6121  6
40250.00   0.6448  7
40300.00   0.5236  3
40350.00   0.5813  5
40400.00   0.5514  4
40450.00   0.4968  2
40500.00   0.5236  3
40550.00   0.5236  3
40600.00   0.4700  1
40650.00   0.4700  1
40700.00   0.6448  7
40750.00   0.5813  5
40800.00   0.5813  5
40850.00   0.6121  6
40900.00   0.5813  5
40950.00   0.5236  3
41000.00   0.6121  6
41050.00   0.4968  2
41100.00   0.5514  4
41150.00   0.6448  7
41200.00   0.5514  4
41250.00   0.4700  1
41300.01   0.5813  5
41350.00   0.5813  5
41400.00   0.4968  2
41450.00   0.5813  5
41500.01   0.4968  2
41550.00   0.4968  2
41600.00   0.4968  2
41650.00   0.5514  4
41700.00   0.6448  7
41750.00   0.5813  5
41800.00   0.4968  2
41850.00   0.5236  3
41900.00   0.6121  6
41950.00   0.4700  1
42000.00   0.4968  2
42050.00   0.4968  2
42100.00   0.6448  7
42150.00   0.6121  6
42200.00   0.4968  2
42250.00   0.6121  6
42300.00   0.5236  3
42350.00   0.5514  4
42400.00   0.4968  2
42450.00   0.4700  1
42500.00   0.5813  5
42550.00   0.4968  2
42600.00   0.5236  3
42650.00   0.4968  2
42700.00   0.6121  6
42750.00   0.5514  4
42800.00   0.4700  1
42850.00   0.5813  5
42900.00   0.5813  5
42950.00   0.5813  5
43000.00   0.4968  2
43050.00   0.4968  2
43100.00   0.4968  2
43150.00   0.5236  3
43200.00   0.5514  4
43250.00   0.5514  4
43300.00   0.6448  7
43350.00   0.4700  1
43400.00   0.6121  6
43450.00   0.4700  1
43500.00   0.4968  2
43550.00   0.5236  3
43600.00   0.5236  3
43650.00   0.5813  5
43700.00   0.4700  1
43750.00   0.5514  4
43800.00   0.4968  2
43850.00   0.4700  1
43900.00   0.4700  1
43950.00   0.6121  6
44000.00   0.5514  4
44050.00   0.6776  8
44100.00   0.5813  5
44150.00   0.4968  2
44200.00   0.5236  3
44250.00   0.6776  8
44300.00   0.5813  5
44350.00   0.4968  2
44400.00   0.5813  5
44450.00   0.5236  3
44500.00   0.4700  1
44550.00   0.5813  5
44600.00   0.6121  6
44650.00   0.6776  8
44700.00   0.5514  4
44750.00   0.5813  5
44800.00   0.4968  2
44850.00   0.6448  7
44900.00   0.6776  8
44950.00   0.6448  7
45000.00   0.6776  8
45050.00   0.6121  6
45100.00   0.6448  7
45150.00   0.6121  6
45200.00   0.6448  7
45250.00   0.5813  5
45300.00   0.6121  6
45350.00   0.6121  6
45400.00   0.5514  4
45450.00   0.4700  1
45500.00   0.5236  3
45550.00   0.5514  4
45600.00   0.4968  2
45650.00   0.4968  2
45700.00   0.5813  5
45750.00   0.4968  2
45800.00   0.5813  5
45850.00   0.4700  1
45900.00   0.4700  1
45950.00   0.4700  1
46000.00   0.5813  5
46050.01   0.6448  7
46100.00   0.4700  1
46150.00   0.5236  3
46200.00   0.5813  5
46250.00   0.6121  6
46300.00   0.6121  6
46350.00   0.5813  5
46400.00   0.6448  7
46450.00   0.5813  5
46500.00   0.6448  7
46550.00   0.5813  5
46600.00   0.7134  9
46650.00   0.6448  7
46700.00   0.6776  8
46750.00   0.6121  6
46800.00   0.6121  6
46850.00   0.5813  5
46900.00   0.6448  7
46950.00   0.5813  5
47000.00   0.5236  3
47050.00   0.4700  1
47100.00   0.5236  3
47150.00   0.4968  2
47200.00   0.4700  1
47250.00   0.4700  1
47300.00   0.5236  3
47350.01   0.4968  2
47400.00   0.4968  2
47450.00   0.5514  4
47500.00   0.4700  1
47550.00   0.4700  1
47600.00   0.5236  3
47650.00   0.6121  6
47700.00   0.4968  2
47750.00   0.6121  6
47800.00   0.4700  1
47850.00   0.4968  2
47900.00   0.5514  4
47950.00   0.5236  3
48000.00   0.4968  2
48050.00   0.4700  1
48100.00   0.4968  2
48150.00   0.5813  5
48200.01   0.6121  6
48250.00   0.5813  5
48300.00   0.5236  3
48350.00   0.5813  5
48400.00   0.6776  8
48450.00   0.5236  3
48500.00   0.5236  3
48550.00   0.6121  6
48600.00   0.4968  2
48650.00   0.6448  7
48700.00   0.6121  6
48750.00   0.4700  1
48800.00   0.5514  4
48850.00   0.4700  1
48900.00   0.4968  2
48950.00   0.4968  2
49000.00   0.6776  8
49050.00   0.5236  3
49100.00   0.6448  7
49150.00   0.5236  3
49200.00   0.6448  7
49250.00   0.4700  1
49300.00   0.5236  3
49350.00   0.6776  8
49400.00   0.5236  3
49450.00   0.6776  8
49500.00   0.6448  7
49550.00   0.4968  2
49600.00   0.6776  8
49650.00   0.4968  2
49700.00   0.5514  4
49750.00   0.4968  2
49800.00   0.5236  3
49850.00   0.4700  1
49900.00   0.6121  6
49950.00   0.6448  7
50000.00   0.6121  6
50050.00   0.4700  1
50100.00   0.4968  2
50150.00   0.4968  2
50200.00   0.4700  1
50250.00   0.5236  3
50300.00   0.5514  4
50350.00   0.5514  4
50400.00   0.6448  7
50450.00   0.5514  4
50500.00   0.4968  2
50550.00   0.6121  6
50600.00   0.5236  3
50650.00   0.6121  6
50700.00   0.5236  3
50750.00   0.6121  6
50800.00   0.6448  7
50850.00   0.6121  6
50900.00   0.5514  4
50950.00   0.4700  1
51000.00   0.6121  6
51050.00   0.4700  1
51100.00   0.6448  7
51150.00   0.5813  5
51200.00   0.5236  3
51250.01   0.5514  4
51300.00   0.6121  6
51350.00   0.5813  5
51400.00   0.6776  8
51450.00   0.7492 10
51500.00   0.6776  8
51550.00   0.6448  7
51600.00   0.5813  5
51650.00   0.5514  4
51700.00   0.4968  2
51750.00   0.4968  2
51800.00   0.5514  4
51850.00   0.5514  4
51900.00   0.4700  1
51950.00   0.4700  1
52000.00   0.4700  1
52050.00   0.4968  2
52100.00   0.4968  2
52150.01   0.4700  1
52200.00   0.5514  4
52250.00   0.5514  4
52300.00   0.5514  4
52350.00   0.5514  4
52400.00   0.4968  2
52450.00   0.6121  6
52500.00   0.5236  3
52550.00   0.5813  5
52600.00   0.5514  4
52650.00   0.6776  8
52700.00   0.5813  5
52750.00   0.5813  5
52800.00   0.5514  4
52850.00   0.6448  7
52900.00   0.6448  7
52950.00   0.6121  6
53000.00   0.7134  9
53050.00   0.6121  6
53100.00   0.6448  7
53150.00   0.5813  5
53200.00   0.5236  3
53250.00   0.6448  7
53300.00   0.5813  5
53350.00   0.5514  4
53400.00   0.5813  5
53450.00   0.4968  2
53500.00   0.5514  4
53550.00   0.6776  8
53600.00   0.6776  8
53650.00   0.6776  8
53700.00   0.5813  5
53750.00   0.5514  4
53800.00   0.4968  2
53850.00   0.6121  6
53900.00   0.5813  5
53950.00   0.6776  8
54000.00   0.5813  5
54050.00   0.5514  4
54100.00   0.6776  8
54150.00   0.5514  4
54200.00   0.5813  5
54250.00   0.6121  6
54300.01   0.6448  7
54350.00   0.5813  5
54400.00   0.5514  4
54450.00   0.6448  7
54500.00   0.6776  8
54550.00   0.6448  7
54600.00   0.6448  7
54650.00   0.5514  4
54700.00   0.6121  6
54750.00   0.5813  5
54800.00   0.7134  9
54850.00   0.5813  5
54900.00   0.7134  9
54950.00   0.6121  6
55000.00   0.6448  7
55050.00   0.6448  7
55100.00   0.6121  6
55150.00   0.6448  7
55200.00   0.5236  3
55250.00   0.5813  5
55300.00   0.6448  7
55350.00   0.5813  5
55400.00   0.6448  7
55450.00   0.6448  7
55500.00   0.6448  7
55550.00   0.4700  1
55600.00   0.5813  5
55650.00   0.5813  5
55700.00   0.6776  8
55750.00   0.6448  7
55800.00   0.5813  5
55850.00   0.6448  7
55900.00   0.7134  9
55950.00   0.5813  5
56000.00   0.5813  5
56050.00   0.5813  5
56100.00   0.6448  7
56150.00   0.6448  7
56200.00   0.5813  5
56250.00   0.5514  4
56300.00   0.5514  4
56350.00   0.5236  3
56400.00   0.6121  6
56450.00   0.5813  5
56500.00   0.5813  5
56550.00   0.5813  5
56600.00   0.5514  4
56650.00   0.4968  2
56700.00   0.4968  2
56750.00   0.5514  4
56800.00   0.5236  3
56850.00   0.4968  2
56900.00   0.5514  4
56950.00   0.5813  5
57000.00   0.5514  4
57050.00   0.4700  1
57100.00   0.6448  7
57150.00   0.5236  3
57200.00   0.4968  2
57250.00   0.6121  6
57300.00   0.4968  2
57350.00   0.6448  7
57400.00   0.6121  6
57450.00   0.6448  7
57500.00   0.5813  5
57550.00   0.5514  4
57600.00   0.4700  1
57650.00   0.4968  2
57700.00   0.4700  1
57750.00   0.4700  1
57800.00   0.5514  4
57850.00   0.6448  7
57900.00   0.4968  2
57950.00   0.6448  7
58000.00   0.5514  4
58050.00   0.4700  1
58100.00   0.4968  2
58150.00   0.4968  2
58200.00   0.4968  2
58250.00   0.4700  1
58300.00   0.4968  2
58350.00   0.5514  4
58400.00   0.4700  1
58450.00   0.4700  1
58500.00   0.4700  1
58550.00   0.5514  4
58600.00   0.5813  5
58650.00   0.4968  2
58700.00   0.4968  2
58750.00   0.4700  1
58800.00   0.6121  6
58850.00   0.5514  4
58900.00   0.4700  1
58950.00   0.6448  7
59000.00   0.6121  6
59050.00   0.4968  2
59100.00   0.4968  2
59150.00   0.5514  4
59200.00   0.5813  5
59250.00   0.6121  6
59300.00   0.4968  2
59350.00   0.4700  1
59400.00   0.5514  4
59450.00   0.5813  5
59500.00   0.4968  2
59550.00   0.6448  7
59600.00   0.6121  6
59650.00   0.6448  7
59700.01   0.5813  5
59750.00   0.5514  4
59800.00   0.6121  6
59850.00   0.4968  2
59900.00   0.5236  3
59950.00   0.5236  3
60000.00   0.4968  2
60050.00   0.6448  7
60100.00   0.5813  5
60150.00   0.4968  2
60200.00   0.5813  5
60250.00   0.6448  7
60300.00   0.5514  4
60350.00   0.5514  4
60400.00   0.5514  4
60450.00   0.5813  5
60500.00   0.4700  1
60550.00   0.4700  1
60600.00   0.4700  1
60650.00   0.4700  1
60700.00   0.5236  3
60750.00   0.5514  4
60800.00   0.5236  3
60850.00   0.6121  6
60900.00   0.5236  3
60950.00   0.5813  5
61000.00   0.5813  5
61050.00   0.5236  3
61100.00   0.4700  1
61150.00   0.5236  3
61200.00   0.5236  3
61250.00   0.5236  3
61300.00   0.4700  1
61350.00   0.4700  1
61400.00   0.4968  2
61450.00   0.4968  2
61500.00   0.6121  6
61550.00   0.5236  3
61600.00   0.5514  4
61650.00   0.6121  6
61700.00   0.5514  4
61750.00   0.4968  2
61800.00   0.4700  1
61850.00   0.4700  1
61900.00   0.4968  2
61950.00   0.5514  4
62000.00   0.6121  6
62050.00   0.6121  6
62100.00   0.5514  4
62150.00   0.4968  2
62200.00   0.4968  2
62250.00   0.5514  4
62300.00   0.5813  5
62350.00   0.5236  3
62400.00   0.5813  5
62450.00   0.6448  7
62500.00   0.5236  3
62550.00   0.5236  3
62600.00   0.4700  1
62650.00   0.4968  2
62700.00   0.5236  3
62750.00   0.6121  6
62800.00   0.6121  6
62850.00   0.5813  5
62900.00   0.5514  4
62950.00   0.6448  7
63000.00   0.5514  4
63050.00   0.6121  6
63100.00   0.5236  3
63150.00   0.4700  1
63200.00   0.5236  3
63250.00   0.4968  2
63300.00   0.4700  1
63350.01   0.4700  1
63400.00   0.4968  2
63450.00   0.5813  5
63500.00   0.5514  4
63550.00   0.6448  7
63600.00   0.6448  7
63650.00   0.5514  4
63700.00   0.5236  3
63750.00   0.5514  4
63800.00   0.5514  4
63850.00   0.6121  6
63900.00   0.4700  1
63950.00   0.5813  5
64000.00   0.5514  4
64050.00   0.5236  3
64100.00   0.5813  5
64150.00   0.5514  4
64200.00   0.5514  4
64250.00   0.4968  2
64300.00   0.6448  7
64350.00   0.4700  1
64400.00   0.4968  2
64450.00   0.5813  5
64500.00   0.5236  3
64550.00   0.4968  2
64600.00   0.5236  3
64650.00   0.5813  5
64700.00   0.6121  6
64750.00   0.5514  4
64800.00   0.4968  2
64850.00   0.4968  2
64900.00   0.6121  6
64950.00   0.6121  6
65000.00   0.4968  2
65050.00   0.4968  2
65100.00   0.4968  2
65150.00   0.6121  6
65200.00   0.6448  7
65250.00   0.6121  6
65300.00   0.6776  8
65350.00   0.5813  5
65400.00   0.6448  7
65450.00   0.5236  3
65500.00   0.4968  2
65550.00   0.4968  2
65600.00   0.4700  1
65650.00   0.5514  4
65700.00   0.5514  4
65750.00   0.4700  1
65800.00   0.4700  1
65850.00   0.6448  7
65900.00   0.6121  6
65950.00   0.6448  7
66000.00   0.6448  7
66050.00   0.6448  7
66100.00   0.5236  3
66150.00   0.4968  2
66200.00   0.5813  5
66250.00   0.5236  3
66300.00   0.6448  7
66350.00   0.6121  6
66400.00   0.6121  6
66450.00   0.6448  7
66500.00   0.4968  2
66550.00   0.5236  3
66600.00   0.6448  7
66650.00   0.4968  2
66700.00   0.6121  6
66750.00   0.6121  6
66800.00   0.6448  7
66850.00   0.5813  5
66900.00   0.6121  6
66950.00   0.6448  7
67000.00   0.6121  6
67050.00   0.5514  4
67100.00   0.6448  7
67150.00   0.6121  6
67200.00   0.5236  3
67250.00   0.5236  3
67300.00   0.4700  1
67350.00   0.5813  5
67400.00   0.5236  3
67450.00   0.5813  5
67500.00   0.6121  6
67550.00   0.6121  6
67600.00   0.6121  6
67650.00   0.4700  1
67700.00   0.6121  6
67750.00   0.5813  5
67800.00   0.4700  1
67850.00   0.4968  2
67900.00   0.5514  4
67950.00   0.4968  2
68000.00   0.5514  4
68050.00   0.4968  2
68100.00   0.4968  2
68150.00   0.4700  1
68200.00   0.5236  3
68250.00   0.5514  4
68300.01   0.4968  2
68350.00   0.4700  1
68400.00   0.5514  4
68450.00   0.4700  1
68500.00   0.5236  3
68550.00   0.4700  1
68600.00   0.5514  4
68650.00   0.5514  4
68700.00   0.4968  2
68750.00   0.6121  6
68800.00   0.4968  2
68850.00   0.5813  5
68900.00   0.6121  6
68950.00   0.6448  7
69000.00   0.5236  3
69050.00   0.4968  2
69100.00   0.4968  2
69150.00   0.5514  4
69200.00   0.4700  1
69250.00   0.5236  3
69300.00   0.6121  6
69350.00   0.6121  6
69400.00   0.5236  3
69450.00   0.5514  4
69500.00   0.4700  1
69550.00   0.5236  3
69600.00   0.5514  4
69650.00   0.6448  7
69700.01   0.4968  2
69750.00   0.4700  1
69800.00   0.4968  2
69850.00   0.4968  2
69900.00   0.5813  5
69950.00   0.5514  4
70000.00   0.5514  4
70050.00   0.6448  7
70100.00   0.6121  6
70150.00   0.5514  4
70200.00   0.5813  5
70250.00   0.5514  4
70300.00   0.4968  2
70350.00   0.5236  3
70400.00   0.5514  4
70450.00   0.6448  7
70500.00   0.5514  4
70550.00   0.4700  1
70600.00   0.4700  1
70650.00   0.5236  3
70700.00   0.4700  1
70750.00   0.5813  5
70800.00   0.4700  1
70850.00   0.4700  1
70900.00   0.5813  5
70950.00   0.4968  2
71000.00   0.5236  3
71050.00   0.5236  3
71100.00   0.5236  3
71150.00   0.5236  3
71200.00   0.4700  1
71250.00   0.4968  2
71300.00   0.4968  2
71350.00   0.4968  2
71400.00   0.4968  2
71450.00   0.4700  1
71500.00   0.6121  6
71550.00   0.6448  7
71600.00   0.5236  3
71650.00   0.4968  2
71700.00   0.5236  3
71750.00   0.4700  1
71800.00   0.4700  1
71850.00   0.4700  1
71900.00   0.5514  4
71950.00   0.5514  4
72000.00   0.4700  1
72050.00   0.5236  3
72100.00   0.5514  4
72150.00   0.4968  2
72200.00   0.4700  1
72250.00   0.4968  2
72300.00   0.5236  3
72350.00   0.4700  1
72400.01   0.4968  2
72450.00   0.5514  4
72500.00   0.4968  2
72550.00   0.4700  1
72600.00   0.5236  3
72650.00   0.4968  2
72700.00   0.4968  2
72750.00   0.4700  1
72800.00   0.5514  4
72850.00   0.6121  6
72900.00   0.5236  3
72950.00   0.5236  3
73000.00   0.5514  4
73050.00   0.5813  5
73100.00   0.4968  2
73150.00   0.5236  3
73200.00   0.5514  4
73250.00   0.4700  1
73300.00   0.4700  1
73350.00   0.4700  1
73400.00   0.4968  2
73450.00   0.5236  3
73500.00   0.5236  3
73550.00   0.5236  3
73600.00   0.4700  1
73650.00   0.4968  2
73700.00   0.5514  4
73750.00   0.5813  5
73800.00   0.4968  2
73850.00   0.5236  3
73900.00   0.5813  5
73950.00   0.6121  6
74000.00   0.4700  1
74050.00   0.5514  4
74100.00   0.4968  2
74150.00   0.5236  3
74200.00   0.5813  5
74250.00   0.5813  5
74300.00   0.5813  5
74350.00   0.4968  2
74400.00   0.5236  3
74450.00   0.4700  1
74500.00   0.6776  8
74550.00   0.5813  5
74600.00   0.5514  4
74650.00   0.5236  3
74700.00   0.5236  3
74750.00   0.4700  1
74800.01   0.4700  1
74850.00   0.4700  1
74900.00   0.5514  4
74950.00   0.6121  6
75000.00   0.5514  4
75050.00   0.5236  3
75100.00   0.5514  4
75150.00   0.5813  5
75200.00   0.4700  1
75250.00   0.5236  3
75300.00   0.5514  4
75350.00   0.4968  2
75400.00   0.6121  6
75450.00   0.4700  1
75500.00   0.5813  5
75550.00   0.4968  2
75600.00   0.4968  2
75650.00   0.4700  1
75700.00   0.5236  3
75750.00   0.5236  3
75800.00   0.5236  3
75850.00   0.5514  4
75900.00   0.5236  3
75950.00   0.5236  3
76000.00   0.4968  2
76050.00   0.4700  1
76100.00   0.4700  1
76150.00   0.4700  1
76200.00   0.5236  3
76250.00   0.5236  3
76300.00   0.4700  1
76350.00   0.5813  5
76400.00   0.5813  5
76450.00   0.4968  2
76500.00   0.6121  6
76550.00   0.4968  2
76600.00   0.5236  3
76650.00   0.4700  1
76700.00   0.4700  1
76750.00   0.4700  1
76800.00   0.4700  1
76850.00   0.5813  5
76900.00   0.5813  5
76950.00   0.6448  7
77000.00   0.5236  3
77050.00   0.4968  2
77100.00   0.6448  7
77150.00   0.6776  8
77200.00   0.6448  7
77250.00   0.5813  5
77300.00   0.6121  6
77350.00   0.5236  3
77400.00   0.6448  7
77450.00   0.6121  6
77500.00   0.5514  4
77550.00   0.4700  1
77600.01   0.5236  3
77650.00   0.5236  3
77700.00   0.5514  4
77750.00   0.5813  5
77800.00   0.4700  1
77850.00   0.6121  6
77900.00   0.4700  1
77950.00   0.4700  1
78000.00   0.5813  5
78050.00   0.4968  2
78100.00   0.6121  6
78150.00   0.5236  3
78200.00   0.5514  4
78250.00   0.5813  5
78300.00   0.5236  3
78350.00   0.5813  5
78400.00   0.4700  1
78450.00   0.5236  3
78500.00   0.4968  2
78550.00   0.4700  1
78600.00   0.5813  5
78650.00   0.5236  3
78700.00   0.6121  6
78750.00   0.5514  4
78800.00   0.5813  5
78850.00   0.5813  5
78900.00   0.5813  5
78950.00   0.6121  6
79000.00   0.4700  1
79050.00   0.5236  3
79100.00   0.5236  3
79150.00   0.5236  3
79200.00   0.5813  5
79250.00   0.5514  4
79300.01   0.4968  2
79350.00   0.4968  2
79400.00   0.5236  3
79450.00   0.4700  1
79500.00   0.4700  1
79550.00   0.5514  4
79600.00   0.5514  4
79650.00   0.6121  6
79700.00   0.6121  6
79750.00   0.5514  4
79800.00   0.4700  1
79850.00   0.6121  6
79900.00   0.5813  5
79950.00   0.5236  3
80000.00   0.4700  1
80050.00   0.5813  5
80100.00   0.5236  3
80150.00   0.6776  8
80200.01   0.4700  1
80250.00   0.4968  2
80300.00   0.5813  5
80350.00   0.5236  3
80400.00   0.5514  4
80450.00   0.4968  2
80500.00   0.5236  3
80550.00   0.4968  2
80600.00   0.4968  2
80650.00   0.5514  4
80700.00   0.5813  5
80750.00   0.5813  5
80800.00   0.6448  7
80850.00   0.6121  6
80900.00   0.4700  1
80950.00   0.6121  6
81000.00   0.5813  5
81050.00   0.4700  1
81100.00   0.5813  5
81150.00   0.4968  2
81200.00   0.5813  5
81250.00   0.4700  1
81300.00   0.4968  2
81350.00   0.4700  1
81400.00   0.6448  7
81450.00   0.4968  2
81500.00   0.5813  5
81550.00   0.6448  7
81600.00   0.5236  3
81650.00   0.4968  2
81700.00   0.5514  4
81750.00   0.5236  3
81800.00   0.4700  1
81850.00   0.4968  2
81900.00   0.4968  2
81950.00   0.5514  4
82000.00   0.5514  4
82050.00   0.4968  2
82100.00   0.5236  3
82150.00   0.4968  2
82200.00   0.5514  4
82250.00   0.5813  5
82300.00   0.5813  5
82350.00   0.5236  3
82400.00   0.4968  2
82450.00   0.6448  7
82500.00   0.6448  7
82550.00   0.5514  4
82600.00   0.5514  4
82650.00   0.6121  6
82700.00   0.4700  1
82750.00   0.6448  7
82800.00   0.5236  3
82850.00   0.5813  5
82900.00   0.5236  3
82950.00   0.5514  4
83000.00   0.5236  3
83050.00   0.6448  7
83100.00   0.6121  6
83150.00   0.6448  7
83200.01   0.5813  5
83250.00   0.4700  1
83300.00   0.5514  4
83350.00   0.4968  2
83400.01   0.4700  1
83450.00   0.5236  3
83500.00   0.5813  5
83550.00   0.5514  4
83600.00   0.5813  5
83650.00   0.5236  3
83700.00   0.4968  2
83750.00   0.5236  3
83800.00   0.4700  1
83850.00   0.5514  4
83900.00   0.5813  5
83950.00   0.4700  1
84000.00   0.4968  2
84050.00   0.5236  3
84100.00   0.4968  2
84150.00   0.4700  1
84200.00   0.5514  4
84250.00   0.4700  1
84300.00   0.4968  2
84350.00   0.6121  6
84400.00   0.5514  4
84450.00   0.5236  3
84500.01   0.5813  5
84550.00   0.5514  4
84600.00   0.5236  3
84650.00   0.5236  3
84700.00   0.4968  2
84750.00   0.5236  3
84800.00   0.6448  7
84850.00   0.4700  1
84900.00   0.4968  2
84950.00   0.4700  1
85000.00   0.5813  5
85050.00   0.4700  1
85100.00   0.4700  1
85150.00   0.5236  3
85200.00   0.4968  2
85250.00   0.5813  5
85300.00   0.4968  2
85350.00   0.5514  4
85400.00   0.4700  1
85450.00   0.4968  2
85500.00   0.4968  2
85550.00   0.4700  1
85600.00   0.5236  3
85650.00   0.4700  1
85700.01   0.5813  5
85750.00   0.5514  4
85800.00   0.5236  3
85850.00   0.4700  1
85900.00   0.5236  3
85950.00   0.5813  5
86000.00   0.4700  1
86050.00   0.4968  2
86100.00   0.4700  1
86150.00   0.5813  5
86200.00   0.4700  1
86250.00   0.4968  2
86300.00   0.4968  2
86350.01   0.5236  3
86400.00   0.5236  3
86450.00   0.5514  4
86500.00   0.6121  6
86550.00   0.5514  4
86600.00   0.5236  3
86650.00   0.6121  6
86700.00   0.6448  7
86750.00   0.6448  7
86800.00   0.5514  4
86850.00   0.6448  7
86900.00   0.5514  4
86950.00   0.4700  1
87000.00   0.4968  2
87050.00   0.5813  5
87100.00   0.6121  6
87150.00   0.5813  5
87200.00   0.6121  6
87250.00   0.5813  5
87300.00   0.6121  6
87350.00   0.5813  5
87400.00   0.5813  5
87450.00   0.6121  6
87500.00   0.5813  5
87550.00   0.4700  1
87600.00   0.4700  1
87650.00   0.5236  3
87700.00   0.4700  1
87750.00   0.6448  7
87800.00   0.4968  2
87850.00   0.5236  3
87900.00   0.4968  2
87950.00   0.6121  6
88000.00   0.4968  2
88050.00   0.5236  3
88100.00   0.5236  3
88150.00   0.4700  1
88200.00   0.5813  5
88250.00   0.4700  1
88300.00   0.5236  3
88350.00   0.6121  6
88400.00   0.5236  3
88450.00   0.5813  5
88500.00   0.4968  2
88550.00   0.6448  7
88600.00   0.5514  4
88650.00   0.4700  1
88700.00   0.5236  3
88750.00   0.5813  5
88800.00   0.4968  2
88850.00   0.5514  4
88900.00   0.5514  4
88950.01   0.6121  6
89000.00   0.5236  3
89050.00   0.5813  5
89100.00   0.5236  3
89150.00   0.5813  5
89200.00   0.6121  6
89250.00   0.6776  8
89300.01   0.5514  4
89350.00   0.5813  5
89400.00   0.6121  6
89450.00   0.5813  5
89500.00   0.5514  4
89550.00   0.5813  5
89600.00   0.6448  7
89650.00   0.5514  4
89700.00   0.4700  1
89750.00   0.4700  1
89800.00   0.6121  6
89850.00   0.5813  5
89900.00   0.5813  5
89950.00   0.5514  4
90000.00   0.4700  1
90050.00   0.4700  1
90100.00   0.4968  2
90150.00   0.5514  4
90200.00   0.4700  1
90250.00   0.5236  3
90300.00   0.4968  2
90350.00   0.5514  4
90400.00   0.5813  5
90450.00   0.6448  7
90500.00   0.5514  4
90550.00   0.5514  4
90600.00   0.6121  6
90650.00   0.4968  2
90700.00   0.5236  3
90750.00   0.5514  4
90800.00   0.5236  3
90850.00   0.5236  3
90900.00   0.6121  6
90950.00   0.5514  4
91000.00   0.4968  2
91050.00   0.4700  1
91100.00   0.4700  1
91150.00   0.4700  1
91200.00   0.5813  5
91250.00   0.5514  4
91300.00   0.4968  2
91350.00   0.5514  4
91400.00   0.4968  2
91450.00   0.4700  1
91500.00   0.5813  5
91550.00   0.4968  2
91600.00   0.5813  5
91650.00   0.4968  2
91700.00   0.4700  1
91750.00   0.4968  2
91800.00   0.5236  3
91850.00   0.5813  5
91900.00   0.5514  4
91950.00   0.6448  7
92000.00   0.4968  2
92050.00   0.5514  4
92100.00   0.6121  6
92150.00   0.5514  4
92200.00   0.6121  6
92250.01   0.4700  1
92300.00   0.4700  1
92350.00   0.6121  6
92400.00   0.5514  4
92450.00   0.4968  2
92500.00   0.4968  2
92550.00   0.5514  4
92600.00   0.4700  1
92650.01   0.6121  6
92700.00   0.5236  3
92750.00   0.6776  8
92800.00   0.4968  2
92850.00   0.5236  3
92900.00   0.5236  3
92950.00   0.6448  7
93000.00   0.6121  6
93050.00   0.6448  7
93100.00   0.4700  1
93150.00   0.4700  1
93200.00   0.6448  7
93250.00   0.6448  7
93300.00   0.6448  7
93350.00   0.5514  4
93400.00   0.6121  6
93450.00   0.6448  7
93500.00   0.6121  6
93550.00   0.5236  3
93600.00   0.5813  5
93650.00   0.6121  6
93700.00   0.7134  9
93750.00   0.5514  4
93800.01   0.6448  7
93850.00   0.6448  7
93900.00   0.5813  5
93950.00   0.6448  7
94000.00   0.6448  7
94050.00   0.6448  7
94100.00   0.6448  7
94150.00   0.6448  7
94200.00   0.6776  8
94250.00   0.5514  4
94300.00   0.6776  8
94350.00   0.6776  8
94400.00   0.6448  7
94450.00   0.6448  7
94500.00   0.5813  5
94550.00   0.5813  5
94600.00   0.5236  3
94650.00   0.6776  8
94700.00   0.6121  6
94750.00   0.5236  3
94800.00   0.5813  5
94850.00   0.6121  6
94900.00   0.4968  2
94950.00   0.5236  3
95000.00   0.6776  8
95050.00   0.6776  8
95100.00   0.4700  1
95150.00   0.6448  7
95200.00   0.6448  7
95250.00   0.4968  2
95300.00   0.5236  3
95350.00   0.5813  5
95400.00   0.6448  7
95450.00   0.5813  5
95500.00   0.6121  6
95550.00   0.5514  4
95600.00   0.6121  6
95650.00   0.5813  5
95700.00   0.5514  4
95750.00   0.6448  7
95800.00   0.5514  4
95850.00   0.6448  7
95900.00   0.5813  5
95950.00   0.5813  5
96000.00   0.6121  6
96050.00   0.6448  7
96100.00   0.6121  6
96150.00   0.6776  8
96200.00   0.5813  5
96250.00   0.6121  6
96300.00   0.5813  5
96350.00   0.5813  5
96400.00   0.5813  5
96450.00   0.4700  1
96500.00   0.4700  1
96550.00   0.4700  1
96600.00   0.5236  3
96650.00   0.5813  5
96700.00   0.4700  1
96750.00   0.6448  7
96800.00   0.4700  1
96850.00   0.4968  2
96900.00   0.4968  2
96950.00   0.5813  5
97000.00   0.6448  7
97050.00   0.5813  5
97100.00   0.5236  3
97150.00   0.6121  6
97200.00   0.4968  2
97250.00   0.5236  3
97300.00   0.5813  5
97350.00   0.4968  2
97400.00   0.6121  6
97450.00   0.6121  6
97500.00   0.4700  1
97550.01   0.5514  4
97600.00   0.5813  5
97650.00   0.4700  1
97700.00   0.4700  1
97750.00   0.5514  4
97800.00   0.5514  4
97850.01   0.5236  3
97900.00   0.4700  1
97950.00   0.5236  3
98000.00   0.4700  1
98050.00   0.4700  1
98100.00   0.6448  7
98150.00   0.6448  7
98200.00   0.5514  4
98250.00   0.5813  5
98300.00   0.6121  6
98350.00   0.5236  3
98400.00   0.5514  4
98450.00   0.6121  6
98500.01   0.6448  7
98550.00   0.4968  2
98600.00   0.4968  2
98650.00   0.6121  6
98700.00   0.4968  2
98750.00   0.5514  4
98800.00   0.4700  1
98850.00   0.4700  1
98900.00   0.5236  3
98950.00   0.6448  7
99000.00   0.4968  2
99050.00   0.5236  3
99100.00   0.5236  3
99150.00   0.5236  3
99200.00   0.6121  6
99250.00   0.4700  1
99300.00   0.5236  3
99350.00   0.5813  5
99400.00   0.4968  2
99450.00   0.4700  1
99500.00   0.4968  2
99550.00   0.4968  2
99600.00   0.5514  4
99650.00   0.7134  9
99700.00   0.6776  8
99750.00   0.4700  1
99800.00   0.5236  3
99850.00   0.4968  2
99900.00   0.5236  3
99950.00   0.4700  1
100000.00   0.4968  2
