50.00   0.7869 11
100.00   0.8267 12
150.00   0.8267 12
200.00   0.7869 11
250.00   0.7869 11
300.00   0.7134  9
350.00   0.7492 10
400.00   0.7869 11
450.00   0.5813  5
500.00   0.7134  9
550.01   0.6448  7
600.00   0.7134  9
650.00   0.7492 10
700.00   0.7492 10
750.00   0.8267 12
800.00   0.7869 11
850.00   0.7134  9
900.00   0.7492 10
950.00   0.7492 10
1000.00   0.7869 11
1050.00   0.6776  8
1100.00   0.8267 12
1150.00   0.7492 10
1200.00   0.7869 11
1250.00   0.8267 12
1300.00   0.7492 10
1350.00   0.8267 12
1400.00   0.8267 12
1450.00   0.7492 10
1500.00   0.7869 11
1550.00   0.7869 11
1600.00   0.7869 11
1650.00   0.7134  9
1700.00   0.8267 12
1750.00   0.7869 11
1800.00   0.7134  9
1850.00   0.7134  9
1900.00   0.7492 10
1950.00   0.8267 12
2000.00   0.7869 11
2050.00   0.8267 12
2100.00   0.7869 11
2150.00   0.7869 11
2200.00   0.7134  9
2250.00   0.7492 10
2300.00   0.7134  9
2350.00   0.7492 10
2400.00   0.7869 11
2450.00   0.6776  8
2500.00   0.8267 12
2550.00   0.7492 10
2600.00   0.7492 10
2650.00   0.7869 11
2700.00   0.7134  9
2750.00   0.7492 10
2800.00   0.7869 11
2850.00   0.7134  9
2900.00   0.7869 11
2950.00   0.7134  9
3000.00   0.7134  9
3050.00   0.8267 12
3100.00   0.8267 12
3150.00   0.7134  9
3200.00   0.7492 10
3250.00   0.6776  8
3300.00   0.7492 10
3350.00   0.7134  9
3400.00   0.8267 12
3450.00   0.7869 11
3500.00   0.7492 10
3550.00   0.7492 10
3600.00   0.7492 10
3650.00   0.7869 11
3700.00   0.8267 12
3750.00   0.7869 11
3800.00   0.7869 11
3850.00   0.8267 12
3900.00   0.7869 11
3950.00   0.7134  9
4000.00   0.7134  9
4050.00   0.8267 12
4100.00   0.7492 10
4150.00   0.8267 12
4200.00   0.7134  9
4250.00   0.7869 11
4300.00   0.6776  8
4350.00   0.7492 10
4400.00   0.6448  7
4450.00   0.7134  9
4500.00   0.7869 11
4550.00   0.7869 11
4600.00   0.7869 11
4650.00   0.7869 11
4700.00   0.8267 12
4750.00   0.6448  7
4800.00   0.8267 12
4850.00   0.7869 11
4900.00   0.6776  8
4950.00   0.7134  9
5000.00   0.7134  9
5050.00   0.8267 12
5100.00   0.7869 11
5150.00   0.7134  9
5200.00   0.8267 12
5250.00   0.8267 12
5300.00   0.7869 11
5350.00   0.7869 11
5400.00   0.7134  9
5450.00   0.7134  9
5500.00   0.8267 12
5550.00   0.7134  9
5600.00   0.7492 10
5650.00   0.7492 10
5700.00   0.8267 12
5750.00   0.8267 12
5800.00   0.7492 10
5850.00   0.6121  6
5900.00   0.8267 12
5950.00   0.8267 12
6000.00   0.7134  9
6050.00   0.7869 11
6100.00   0.8267 12
6150.00   0.7134  9
6200.00   0.7869 11
6250.00   0.7134  9
6300.00   0.7134  9
6350.00   0.8267 12
6400.00   0.7134  9
6450.00   0.7492 10
6500.00   0.6776  8
6550.00   0.8267 12
6600.00   0.6776  8
6650.00   0.7492 10
6700.00   0.6448  7
6750.00   0.8267 12
6800.00   0.7869 11
6850.00   0.8267 12
6900.00   0.8267 12
6950.00   0.7869 11
7000.00   0.7869 11
7050.00   0.8267 12
7100.00   0.7492 10
7150.00   0.6448  7
7200.00   0.7869 11
7250.00   0.6776  8
7300.00   0.6776  8
7350.00   0.8267 12
7400.00   0.7869 11
7450.01   0.7134  9
7500.00   0.7134  9
7550.00   0.7134  9
7600.00   0.8267 12
7650.00   0.8267 12
7700.00   0.7492 10
7750.00   0.7134  9
7800.00   0.6776  8
7850.00   0.7869 11
7900.01   0.8267 12
7950.00   0.7134  9
8000.00   0.8267 12
8050.00   0.7869 11
8100.00   0.7492 10
8150.00   0.6776  8
8200.00   0.6776  8
8250.00   0.6776  8
8300.00   0.7134  9
8350.00   0.6776  8
8400.00   0.8267 12
8450.00   0.7869 11
8500.00   0.7134  9
8550.00   0.7869 11
8600.00   0.7492 10
8650.00   0.8267 12
8700.00   0.7869 11
8750.00   0.7134  9
8800.00   0.8267 12
8850.00   0.8267 12
8900.00   0.8267 12
8950.00   0.6776  8
9000.00   0.6448  7
9050.00   0.7492 10
9100.00   0.8267 12
9150.00   0.7492 10
9200.00   0.7134  9
9250.00   0.7869 11
9300.00   0.7869 11
9350.00   0.7134  9
9400.00   0.8267 12
9450.00   0.7492 10
9500.00   0.7492 10
9550.00   0.8267 12
9600.00   0.7869 11
9650.00   0.8267 12
9700.00   0.8267 12
9750.00   0.8267 12
9800.00   0.7492 10
9850.00   0.6448  7
9900.00   0.7492 10
9950.00   0.6776  8
10000.00   0.8267 12
10050.00   0.7492 10
10100.00   0.8267 12
10150.00   0.8267 12
10200.00   0.6776  8
10250.00   0.8267 12
10300.00   0.6121  6
10350.00   0.7134  9
10400.00   0.7134  9
10450.00   0.6776  8
10500.00   0.8267 12
10550.00   0.7134  9
10600.00   0.6776  8
10650.00   0.7869 11
10700.00   0.6776  8
10750.00   0.8267 12
10800.00   0.7492 10
10850.00   0.7869 11
10900.00   0.7492 10
10950.00   0.7492 10
11000.00   0.7492 10
11050.00   0.7492 10
11100.00   0.7134  9
11150.00   0.7869 11
11200.00   0.6776  8
11250.00   0.7134  9
11300.00   0.7492 10
11350.00   0.7134  9
11400.00   0.7134  9
11450.00   0.8267 12
11500.00   0.7869 11
11550.00   0.7492 10
11600.00   0.7869 11
11650.00   0.7492 10
11700.00   0.7134  9
11750.00   0.7134  9
11800.00   0.7869 11
11850.00   0.8267 12
11900.00   0.6776  8
11950.00   0.8267 12
12000.00   0.8267 12
12050.00   0.8267 12
12100.00   0.7492 10
12150.00   0.7134  9
12200.00   0.7134  9
12250.00   0.8267 12
12300.00   0.7134  9
12350.00   0.7134  9
12400.00   0.7492 10
12450.00   0.7869 11
12500.00   0.7869 11
12550.00   0.7869 11
12600.00   0.7869 11
12650.00   0.7134  9
12700.00   0.8267 12
12750.00   0.7134  9
12800.00   0.8267 12
12850.00   0.7134  9
12900.00   0.7134  9
12950.00   0.7492 10
13000.00   0.7134  9
13050.00   0.7492 10
13100.00   0.7492 10
13150.00   0.7492 10
13200.00   0.7869 11
13250.00   0.7492 10
13300.00   0.7492 10
13350.00   0.7492 10
13400.00   0.7869 11
13450.00   0.8267 12
13500.00   0.7869 11
13550.00   0.7869 11
13600.00   0.8267 12
13650.00   0.7492 10
13700.00   0.8267 12
13750.00   0.7492 10
13800.00   0.8267 12
13850.00   0.7869 11
13900.00   0.7869 11
13950.00   0.7869 11
14000.00   0.7134  9
14050.00   0.7492 10
14100.01   0.7869 11
14150.00   0.7134  9
14200.00   0.7492 10
14250.00   0.8267 12
14300.00   0.7134  9
14350.00   0.7492 10
14400.00   0.7134  9
14450.00   0.8267 12
14500.00   0.7492 10
14550.00   0.6448  7
14600.00   0.7869 11
14650.00   0.7492 10
14700.00   0.8267 12
14750.00   0.7869 11
14800.00   0.7134  9
14850.00   0.7492 10
14900.00   0.7134  9
14950.00   0.8267 12
15000.00   0.7492 10
15050.00   0.8267 12
15100.00   0.7492 10
15150.00   0.7134  9
15200.00   0.6776  8
15250.00   0.7869 11
15300.00   0.8267 12
15350.00   0.7869 11
15400.00   0.7492 10
15450.00   0.7134  9
15500.00   0.7869 11
15550.00   0.7869 11
15600.00   0.8267 12
15650.00   0.6776  8
15700.00   0.7869 11
15750.00   0.7134  9
15800.00   0.7869 11
15850.00   0.6776  8
15900.00   0.7134  9
15950.00   0.8267 12
16000.00   0.6776  8
16050.00   0.7869 11
16100.00   0.7134  9
16150.00   0.7134  9
16200.00   0.7492 10
16250.00   0.7134  9
16300.00   0.7492 10
16350.00   0.8267 12
16400.00   0.7492 10
16450.00   0.7492 10
16500.00   0.7134  9
16550.00   0.8267 12
16600.00   0.8267 12
16650.00   0.8267 12
16700.00   0.6776  8
16750.00   0.7492 10
16800.00   0.8267 12
16850.00   0.8267 12
16900.00   0.8267 12
16950.00   0.8267 12
17000.00   0.8267 12
17050.00   0.7134  9
17100.00   0.7869 11
17150.00   0.8267 12
17200.00   0.7492 10
17250.00   0.8267 12
17300.00   0.8267 12
17350.00   0.7492 10
17400.00   0.7492 10
17450.00   0.7492 10
17500.00   0.7134  9
17550.00   0.8267 12
17600.00   0.7134  9
17650.00   0.8267 12
17700.00   0.8267 12
17750.00   0.7869 11
17800.00   0.7492 10
17850.00   0.7134  9
17900.00   0.7134  9
17950.00   0.7869 11
18000.00   0.8267 12
18050.00   0.7869 11
18100.00   0.7492 10
18150.00   0.6776  8
18200.00   0.7492 10
18250.00   0.8267 12
18300.00   0.8267 12
18350.00   0.7869 11
18400.00   0.8267 12
18450.00   0.7869 11
18500.00   0.8267 12
18550.00   0.7134  9
18600.00   0.7869 11
18650.00   0.8267 12
18700.00   0.7869 11
18750.00   0.8267 12
18800.00   0.8267 12
18850.00   0.7869 11
18900.01   0.7869 11
18950.01   0.7869 11
19000.00   0.7492 10
19050.00   0.8267 12
19100.00   0.7869 11
19150.00   0.7869 11
19200.00   0.7492 10
19250.00   0.8267 12
19300.00   0.7134  9
19350.00   0.8267 12
19400.00   0.7492 10
19450.00   0.7869 11
19500.00   0.6448  7
19550.00   0.7869 11
19600.00   0.7869 11
19650.00   0.7492 10
19700.00   0.7492 10
19750.00   0.7869 11
19800.00   0.7869 11
19850.00   0.7134  9
19900.00   0.6776  8
19950.00   0.7134  9
20000.00   0.8267 12
20050.00   0.7869 11
20100.00   0.7134  9
20150.00   0.7134  9
20200.00   0.7869 11
20250.00   0.6776  8
20300.00   0.7869 11
20350.00   0.8267 12
20400.00   0.7492 10
20450.00   0.7134  9
20500.00   0.7492 10
20550.00   0.6776  8
20600.00   0.7492 10
20650.00   0.6776  8
20700.00   0.8267 12
20750.00   0.7134  9
20800.00   0.7134  9
20850.00   0.7492 10
20900.00   0.7492 10
20950.00   0.8267 12
21000.00   0.7134  9
21050.00   0.8267 12
21100.00   0.8267 12
21150.00   0.7869 11
21200.00   0.7869 11
21250.00   0.7869 11
21300.00   0.8267 12
21350.00   0.7134  9
21400.00   0.7869 11
21450.00   0.7134  9
21500.00   0.7869 11
21550.00   0.8267 12
21600.00   0.8267 12
21650.00   0.7134  9
21700.00   0.8267 12
21750.00   0.8267 12
21800.00   0.7869 11
21850.01   0.8267 12
21900.00   0.7869 11
21950.00   0.7134  9
22000.00   0.8267 12
22050.00   0.8267 12
22100.00   0.7134  9
22150.00   0.7869 11
22200.00   0.7869 11
22250.00   0.8267 12
22300.00   0.7869 11
22350.00   0.7869 11
22400.00   0.7869 11
22450.00   0.7869 11
22500.00   0.7134  9
22550.00   0.7492 10
22600.00   0.7134  9
22650.00   0.8267 12
22700.00   0.8267 12
22750.00   0.7492 10
22800.00   0.7134  9
22850.00   0.7869 11
22900.01   0.7869 11
22950.00   0.7134  9
23000.00   0.8267 12
23050.00   0.7134  9
23100.00   0.8267 12
23150.00   0.7134  9
23200.00   0.7134  9
23250.00   0.7134  9
23300.00   0.8267 12
23350.00   0.6776  8
23400.00   0.7492 10
23450.00   0.8267 12
23500.00   0.7134  9
23550.00   0.8267 12
23600.00   0.8267 12
23650.00   0.7134  9
23700.00   0.7869 11
23750.00   0.8267 12
23800.00   0.7492 10
23850.00   0.7134  9
23900.00   0.8267 12
23950.00   0.7869 11
24000.00   0.8267 12
24050.00   0.7869 11
24100.00   0.7134  9
24150.00   0.8267 12
24200.00   0.7492 10
24250.00   0.7492 10
24300.00   0.7492 10
24350.00   0.8267 12
24400.00   0.7134  9
24450.00   0.7492 10
24500.00   0.7134  9
24550.00   0.7869 11
24600.00   0.8267 12
24650.00   0.7134  9
24700.00   0.8267 12
24750.00   0.7134  9
24800.00   0.7869 11
24850.00   0.7492 10
24900.00   0.7134  9
24950.00   0.7134  9
25000.00   0.7869 11
25050.00   0.8267 12
25100.00   0.7492 10
25150.00   0.6776  8
25200.00   0.7134  9
25250.00   0.7134  9
25300.00   0.7134  9
25350.00   0.7134  9
25400.00   0.7869 11
25450.00   0.7869 11
25500.00   0.7492 10
25550.00   0.8267 12
25600.00   0.7492 10
25650.00   0.8267 12
25700.00   0.7134  9
25750.00   0.8267 12
25800.00   0.7492 10
25850.00   0.7492 10
25900.00   0.7869 11
25950.00   0.7134  9
26000.00   0.7134  9
26050.00   0.8267 12
26100.00   0.8267 12
26150.00   0.7134  9
26200.00   0.7134  9
26250.00   0.7869 11
26300.00   0.8267 12
26350.00   0.7869 11
26400.00   0.8267 12
26450.01   0.8267 12
26500.00   0.6776  8
26550.00   0.7869 11
26600.00   0.8267 12
26650.00   0.7869 11
26700.00   0.7134  9
26750.00   0.7134  9
26800.00   0.8267 12
26850.00   0.7492 10
26900.00   0.7134  9
26950.00   0.7492 10
27000.00   0.7492 10
27050.00   0.8267 12
27100.00   0.7134  9
27150.00   0.7492 10
27200.00   0.7492 10
27250.01   0.8267 12
27300.00   0.8267 12
27350.00   0.7134  9
27400.00   0.7492 10
27450.00   0.7492 10
27500.00   0.7492 10
27550.00   0.7492 10
27600.00   0.8267 12
27650.00   0.7492 10
27700.00   0.7492 10
27750.00   0.7869 11
27800.00   0.7869 11
27850.00   0.8267 12
27900.00   0.7492 10
27950.00   0.7869 11
28000.00   0.7869 11
28050.00   0.8267 12
28100.00   0.7869 11
28150.00   0.7492 10
28200.00   0.7134  9
28250.00   0.6776  8
28300.00   0.7869 11
28350.00   0.7869 11
28400.00   0.8267 12
28450.00   0.7869 11
28500.00   0.7869 11
28550.00   0.7492 10
28600.00   0.7869 11
28650.00   0.8267 12
28700.00   0.6776  8
28750.00   0.8267 12
28800.00   0.8267 12
28850.00   0.7134  9
28900.00   0.8267 12
28950.00   0.7134  9
29000.00   0.8267 12
29050.00   0.6776  8
29100.00   0.7869 11
29150.00   0.7492 10
29200.00   0.6776  8
29250.00   0.7492 10
29300.00   0.7869 11
29350.00   0.7134  9
29400.00   0.8267 12
29450.00   0.6776  8
29500.00   0.7492 10
29550.00   0.8267 12
29600.00   0.7492 10
29650.00   0.7869 11
29700.00   0.7869 11
29750.00   0.7492 10
29800.00   0.8267 12
29850.00   0.7492 10
29900.00   0.7492 10
29950.00   0.7492 10
30000.00   0.6776  8
30050.00   0.8267 12
30100.00   0.7134  9
30150.00   0.7134  9
30200.00   0.7134  9
30250.00   0.8267 12
30300.00   0.8267 12
30350.00   0.8267 12
30400.00   0.7134  9
30450.00   0.7869 11
30500.00   0.7492 10
30550.00   0.7492 10
30600.00   0.8267 12
30650.00   0.8267 12
30700.00   0.7492 10
30750.00   0.7869 11
30800.00   0.7869 11
30850.00   0.7134  9
30900.00   0.7134  9
30950.00   0.7869 11
31000.00   0.7134  9
31050.00   0.7492 10
31100.01   0.8267 12
31150.00   0.8267 12
31200.00   0.8267 12
31250.00   0.7492 10
31300.00   0.8267 12
31350.00   0.7492 10
31400.00   0.6776  8
31450.00   0.7869 11
31500.00   0.8267 12
31550.00   0.7492 10
31600.00   0.8267 12
31650.00   0.8267 12
31700.00   0.7134  9
31750.00   0.7869 11
31800.00   0.7134  9
31850.00   0.7134  9
31900.00   0.7869 11
31950.00   0.8267 12
32000.00   0.7492 10
32050.00   0.7869 11
32100.00   0.8267 12
32150.00   0.7134  9
32200.00   0.7134  9
32250.00   0.7134  9
32300.00   0.8267 12
32350.00   0.7869 11
32400.01   0.7134  9
32450.00   0.7134  9
32500.00   0.7492 10
32550.00   0.7869 11
32600.00   0.7869 11
32650.00   0.7492 10
32700.00   0.7869 11
32750.00   0.8267 12
32800.00   0.8267 12
32850.00   0.7869 11
32900.00   0.7134  9
32950.00   0.7492 10
33000.00   0.8267 12
33050.00   0.7492 10
33100.00   0.7869 11
33150.00   0.7869 11
33200.00   0.8267 12
33250.00   0.8267 12
33300.00   0.8267 12
33350.00   0.7492 10
33400.00   0.7492 10
33450.00   0.8267 12
33500.00   0.7492 10
33550.00   0.7134  9
33600.00   0.8267 12
33650.00   0.7869 11
33700.00   0.7869 11
33750.00   0.7134  9
33800.00   0.7869 11
33850.00   0.7492 10
33900.00   0.8267 12
33950.00   0.7869 11
34000.01   0.7492 10
34050.00   0.8267 12
34100.00   0.7869 11
34150.00   0.7492 10
34200.00   0.7134  9
34250.00   0.7869 11
34300.00   0.8267 12
34350.00   0.7869 11
34400.00   0.7492 10
34450.00   0.7492 10
34500.00   0.8267 12
34550.00   0.8267 12
34600.00   0.7869 11
34650.00   0.7869 11
34700.00   0.7869 11
34750.00   0.7492 10
34800.00   0.7869 11
34850.00   0.7492 10
34900.00   0.7134  9
34950.00   0.8267 12
35000.00   0.7134  9
35050.00   0.7492 10
35100.00   0.7134  9
35150.00   0.7492 10
35200.00   0.7869 11
35250.00   0.7492 10
35300.00   0.8267 12
35350.00   0.8267 12
35400.00   0.7134  9
35450.00   0.7492 10
35500.00   0.7869 11
35550.00   0.8267 12
35600.00   0.7869 11
35650.00   0.7134  9
35700.00   0.7492 10
35750.00   0.7492 10
35800.00   0.7134  9
35850.00   0.7492 10
35900.00   0.7869 11
35950.00   0.7492 10
36000.00   0.8267 12
36050.00   0.7492 10
36100.00   0.7869 11
36150.00   0.7869 11
36200.00   0.7134  9
36250.00   0.6776  8
36300.00   0.6776  8
36350.00   0.7869 11
36400.00   0.7492 10
36450.00   0.8267 12
36500.00   0.7492 10
36550.01   0.7869 11
36600.00   0.7134  9
36650.00   0.8267 12
36700.00   0.7492 10
36750.00   0.8267 12
36800.00   0.7869 11
36850.00   0.8267 12
36900.00   0.7492 10
36950.00   0.7134  9
37000.00   0.7134  9
37050.00   0.7134  9
37100.00   0.7869 11
37150.01   0.8267 12
37200.00   0.7134  9
37250.00   0.7134  9
37300.00   0.7492 10
37350.00   0.7492 10
37400.00   0.8267 12
37450.00   0.7869 11
37500.00   0.7869 11
37550.00   0.7134  9
37600.00   0.7134  9
37650.00   0.8267 12
37700.00   0.7492 10
37750.00   0.7869 11
37800.00   0.8267 12
37850.00   0.7134  9
37900.00   0.7492 10
37950.00   0.7134  9
38000.00   0.7869 11
38050.00   0.8267 12
38100.00   0.7869 11
38150.00   0.6448  7
38200.00   0.7134  9
38250.00   0.7492 10
38300.00   0.7134  9
38350.00   0.8267 12
38400.00   0.8267 12
38450.00   0.7869 11
38500.00   0.7492 10
38550.00   0.7869 11
38600.00   0.8267 12
38650.00   0.7134  9
38700.00   0.7869 11
38750.00   0.8267 12
38800.00   0.6776  8
38850.00   0.6448  7
38900.00   0.7492 10
38950.00   0.7869 11
39000.00   0.6776  8
39050.00   0.7134  9
39100.00   0.7869 11
39150.00   0.8267 12
39200.00   0.7869 11
39250.00   0.7492 10
39300.00   0.7869 11
39350.00   0.7869 11
39400.00   0.7134  9
39450.00   0.7492 10
39500.00   0.7869 11
39550.00   0.6448  7
39600.00   0.7492 10
39650.00   0.7134  9
39700.00   0.8267 12
39750.00   0.7134  9
39800.00   0.7492 10
39850.00   0.7869 11
39900.00   0.7134  9
39950.00   0.6448  7
40000.00   0.7134  9
40050.00   0.8267 12
40100.00   0.7869 11
40150.00   0.7869 11
40200.00   0.8267 12
40250.00   0.7492 10
40300.01   0.8267 12
40350.00   0.7492 10
40400.00   0.7869 11
40450.00   0.8267 12
40500.00   0.7492 10
40550.00   0.8267 12
40600.00   0.7869 11
40650.00   0.6776  8
40700.00   0.7134  9
40750.00   0.7869 11
40800.00   0.7869 11
40850.00   0.7134  9
40900.00   0.8267 12
40950.00   0.8267 12
41000.00   0.6776  8
41050.00   0.6776  8
41100.00   0.7492 10
41150.00   0.8267 12
41200.00   0.8267 12
41250.00   0.7492 10
41300.00   0.7869 11
41350.00   0.8267 12
41400.00   0.7869 11
41450.00   0.7492 10
41500.00   0.7869 11
41550.00   0.7492 10
41600.00   0.7492 10
41650.00   0.7492 10
41700.00   0.7134  9
41750.00   0.7869 11
41800.00   0.7492 10
41850.00   0.7134  9
41900.00   0.7134  9
41950.00   0.7134  9
42000.00   0.7492 10
42050.00   0.7869 11
42100.00   0.7869 11
42150.00   0.7869 11
42200.00   0.7134  9
42250.00   0.7869 11
42300.00   0.8267 12
42350.00   0.8267 12
42400.00   0.6776  8
42450.00   0.7492 10
42500.00   0.7869 11
42550.00   0.7492 10
42600.00   0.7134  9
42650.00   0.7492 10
42700.00   0.7492 10
42750.00   0.8267 12
42800.00   0.8267 12
42850.00   0.7869 11
42900.00   0.8267 12
42950.00   0.7492 10
43000.00   0.8267 12
43050.00   0.8267 12
43100.00   0.8267 12
43150.00   0.7869 11
43200.00   0.7869 11
43250.00   0.6448  7
43300.00   0.7869 11
43350.00   0.7492 10
43400.00   0.7869 11
43450.00   0.7869 11
43500.00   0.7134  9
43550.00   0.7869 11
43600.00   0.7492 10
43650.00   0.7134  9
43700.00   0.7492 10
43750.00   0.8267 12
43800.00   0.7869 11
43850.00   0.7492 10
43900.00   0.7134  9
43950.00   0.7492 10
44000.00   0.8267 12
44050.00   0.7134  9
44100.00   0.7134  9
44150.00   0.7492 10
44200.00   0.7869 11
44250.01   0.7869 11
44300.00   0.7869 11
44350.00   0.7492 10
44400.00   0.7869 11
44450.00   0.7869 11
44500.00   0.6776  8
44550.00   0.6776  8
44600.00   0.7134  9
44650.00   0.7869 11
44700.00   0.8267 12
44750.00   0.8267 12
44800.00   0.6776  8
44850.00   0.7869 11
44900.00   0.6448  7
44950.00   0.7492 10
45000.00   0.7134  9
45050.00   0.7869 11
45100.00   0.7134  9
45150.00   0.8267 12
45200.00   0.6776  8
45250.00   0.7492 10
45300.00   0.7492 10
45350.00   0.8267 12
45400.00   0.8267 12
45450.00   0.8267 12
45500.00   0.7492 10
45550.00   0.8267 12
45600.00   0.7869 11
45650.00   0.8267 12
45700.00   0.8267 12
45750.00   0.7492 10
45800.00   0.7492 10
45850.00   0.7869 11
45900.00   0.7869 11
45950.00   0.7869 11
46000.00   0.7134  9
46050.00   0.8267 12
46100.00   0.8267 12
46150.00   0.8267 12
46200.00   0.8267 12
46250.00   0.7869 11
46300.00   0.8267 12
46350.00   0.7492 10
46400.00   0.7492 10
46450.00   0.7869 11
46500.00   0.6776  8
46550.00   0.7134  9
46600.00   0.6776  8
46650.00   0.7869 11
46700.00   0.7492 10
46750.00   0.7492 10
46800.00   0.8267 12
46850.00   0.7869 11
46900.00   0.7869 11
46950.00   0.8267 12
47000.00   0.7492 10
47050.00   0.7492 10
47100.00   0.8267 12
47150.00   0.7869 11
47200.00   0.7492 10
47250.00   0.7134  9
47300.00   0.6776  8
47350.00   0.8267 12
47400.00   0.8267 12
47450.00   0.7492 10
47500.00   0.7492 10
47550.00   0.7869 11
47600.00   0.7492 10
47650.00   0.8267 12
47700.00   0.7492 10
47750.00   0.7134  9
47800.00   0.7869 11
47850.00   0.7134  9
47900.00   0.7492 10
47950.00   0.7492 10
48000.00   0.7869 11
48050.00   0.7869 11
48100.00   0.7869 11
48150.00   0.7869 11
48200.00   0.8267 12
48250.00   0.6776  8
48300.00   0.7492 10
48350.00   0.8267 12
48400.00   0.8267 12
48450.00   0.8267 12
48500.00   0.8267 12
48550.00   0.8267 12
48600.00   0.7869 11
48650.00   0.7492 10
48700.00   0.7869 11
48750.00   0.7492 10
48800.00   0.7869 11
48850.00   0.7869 11
48900.00   0.7869 11
48950.00   0.8267 12
49000.00   0.7492 10
49050.00   0.7869 11
49100.00   0.7869 11
49150.00   0.8267 12
49200.00   0.8267 12
49250.00   0.8267 12
49300.00   0.7492 10
49350.00   0.7492 10
49400.00   0.7869 11
49450.00   0.7869 11
49500.00   0.7869 11
49550.00   0.7869 11
49600.00   0.7492 10
49650.00   0.8267 12
49700.00   0.8267 12
49750.00   0.7869 11
49800.00   0.8267 12
49850.00   0.8267 12
49900.00   0.8267 12
49950.00   0.8267 12
50000.00   0.6776  8
50050.00   0.7869 11
50100.00   0.7869 11
50150.00   0.7134  9
50200.00   0.7869 11
50250.00   0.7492 10
50300.00   0.7492 10
50350.00   0.7869 11
50400.00   0.7869 11
50450.00   0.7492 10
50500.01   0.7869 11
50550.00   0.7869 11
50600.00   0.8267 12
50650.00   0.7492 10
50700.00   0.8267 12
50750.00   0.8267 12
50800.00   0.7869 11
50850.00   0.8267 12
50900.00   0.7492 10
50950.00   0.8267 12
51000.00   0.8267 12
51050.00   0.8267 12
51100.00   0.7869 11
51150.00   0.7869 11
51200.00   0.8267 12
51250.00   0.7869 11
51300.01   0.7492 10
51350.00   0.8267 12
51400.00   0.7492 10
51450.00   0.8267 12
51500.00   0.7869 11
51550.00   0.7134  9
51600.00   0.7869 11
51650.00   0.7869 11
51700.00   0.8267 12
51750.00   0.7869 11
51800.00   0.7869 11
51850.00   0.7492 10
51900.00   0.7492 10
51950.00   0.7134  9
52000.00   0.7492 10
52050.00   0.7492 10
52100.00   0.8267 12
52150.00   0.7869 11
52200.00   0.7492 10
52250.00   0.7869 11
52300.00   0.8267 12
52350.00   0.7492 10
52400.00   0.6776  8
52450.00   0.7134  9
52500.00   0.8267 12
52550.00   0.7134  9
52600.00   0.7134  9
52650.00   0.7134  9
52700.00   0.7134  9
52750.00   0.8267 12
52800.00   0.7869 11
52850.00   0.7869 11
52900.00   0.7134  9
52950.00   0.7134  9
53000.00   0.7869 11
53050.00   0.6776  8
53100.00   0.8267 12
53150.00   0.8267 12
53200.00   0.7134  9
53250.00   0.7492 10
53300.00   0.7869 11
53350.00   0.7869 11
53400.00   0.7492 10
53450.00   0.8267 12
53500.00   0.6776  8
53550.00   0.8267 12
53600.00   0.7869 11
53650.00   0.7492 10
53700.00   0.7492 10
53750.00   0.8267 12
53800.00   0.8267 12
53850.00   0.8267 12
53900.00   0.7134  9
53950.00   0.8267 12
54000.00   0.8267 12
54050.00   0.7869 11
54100.01   0.8267 12
54150.00   0.7134  9
54200.00   0.7492 10
54250.00   0.8267 12
54300.00   0.7492 10
54350.00   0.8267 12
54400.00   0.8267 12
54450.00   0.8267 12
54500.00   0.7869 11
54550.00   0.8267 12
54600.00   0.7869 11
54650.00   0.8267 12
54700.00   0.7869 11
54750.00   0.8267 12
54800.00   0.7492 10
54850.00   0.7134  9
54900.00   0.7869 11
54950.00   0.7869 11
55000.00   0.8267 12
55050.00   0.8267 12
55100.00   0.7492 10
55150.00   0.7492 10
55200.00   0.7134  9
55250.00   0.7134  9
55300.00   0.7869 11
55350.00   0.8267 12
55400.00   0.7869 11
55450.01   0.7134  9
55500.00   0.7869 11
55550.00   0.6448  7
55600.00   0.7492 10
55650.00   0.7134  9
55700.00   0.7869 11
55750.00   0.6776  8
55800.00   0.7134  9
55850.00   0.7869 11
55900.00   0.6448  7
55950.00   0.7869 11
56000.00   0.8267 12
56050.00   0.7869 11
56100.00   0.8267 12
56150.00   0.7134  9
56200.00   0.7492 10
56250.00   0.7492 10
56300.00   0.8267 12
56350.00   0.7492 10
56400.00   0.8267 12
56450.00   0.7492 10
56500.00   0.7134  9
56550.00   0.7869 11
56600.00   0.7134  9
56650.00   0.6448  7
56700.00   0.8267 12
56750.00   0.6776  8
56800.00   0.6776  8
56850.00   0.7492 10
56900.00   0.8267 12
56950.00   0.7869 11
57000.00   0.6448  7
57050.00   0.7492 10
57100.00   0.6776  8
57150.00   0.8267 12
57200.01   0.7134  9
57250.00   0.8267 12
57300.00   0.7869 11
57350.00   0.7134  9
57400.00   0.7869 11
57450.00   0.7869 11
57500.00   0.7492 10
57550.00   0.7492 10
57600.00   0.7134  9
57650.00   0.7869 11
57700.00   0.6448  7
57750.00   0.7869 11
57800.00   0.7134  9
57850.00   0.7134  9
57900.00   0.6776  8
57950.00   0.7492 10
58000.01   0.8267 12
58050.00   0.8267 12
58100.00   0.7492 10
58150.00   0.6776  8
58200.01   0.7492 10
58250.00   0.7869 11
58300.00   0.7869 11
58350.00   0.7492 10
58400.00   0.6776  8
58450.00   0.7492 10
58500.00   0.7134  9
58550.00   0.7869 11
58600.00   0.7869 11
58650.00   0.7134  9
58700.00   0.7134  9
58750.00   0.7492 10
58800.00   0.8267 12
58850.00   0.7134  9
58900.00   0.7492 10
58950.00   0.8267 12
59000.00   0.7492 10
59050.00   0.6776  8
59100.00   0.8267 12
59150.00   0.7869 11
59200.00   0.7869 11
59250.00   0.7492 10
59300.00   0.7869 11
59350.00   0.8267 12
59400.00   0.6776  8
59450.00   0.7134  9
59500.00   0.8267 12
59550.00   0.7869 11
59600.00   0.8267 12
59650.00   0.7492 10
59700.00   0.8267 12
59750.00   0.7869 11
59800.00   0.8267 12
59850.00   0.7869 11
59900.00   0.7492 10
59950.00   0.8267 12
60000.00   0.6776  8
60050.00   0.7869 11
60100.00   0.7869 11
60150.00   0.7134  9
60200.00   0.7134  9
60250.00   0.7492 10
60300.00   0.7134  9
60350.00   0.7492 10
60400.00   0.8267 12
60450.00   0.6776  8
60500.00   0.7869 11
60550.00   0.8267 12
60600.00   0.7134  9
60650.01   0.7492 10
60700.00   0.7869 11
60750.00   0.7492 10
60800.00   0.6776  8
60850.00   0.7134  9
60900.00   0.6776  8
60950.00   0.8267 12
61000.00   0.6776  8
61050.00   0.8267 12
61100.00   0.6776  8
61150.00   0.7134  9
61200.00   0.7134  9
61250.00   0.8267 12
61300.00   0.7869 11
61350.00   0.7492 10
61400.00   0.8267 12
61450.00   0.7492 10
61500.00   0.7492 10
61550.00   0.7134  9
61600.00   0.7869 11
61650.00   0.6776  8
61700.00   0.7869 11
61750.00   0.7869 11
61800.00   0.7492 10
61850.00   0.6448  7
61900.00   0.7134  9
61950.00   0.7492 10
62000.00   0.7134  9
62050.00   0.8267 12
62100.00   0.6776  8
62150.00   0.7134  9
62200.00   0.7134  9
62250.00   0.7869 11
62300.00   0.7492 10
62350.00   0.8267 12
62400.00   0.8267 12
62450.00   0.7492 10
62500.00   0.7492 10
62550.00   0.7134  9
62600.00   0.6776  8
62650.00   0.7134  9
62700.00   0.7869 11
62750.00   0.7869 11
62800.00   0.7869 11
62850.00   0.7492 10
62900.00   0.6776  8
62950.00   0.6776  8
63000.00   0.7869 11
63050.00   0.6776  8
63100.00   0.7134  9
63150.00   0.7869 11
63200.00   0.7869 11
63250.00   0.8267 12
63300.00   0.8267 12
63350.00   0.7492 10
63400.00   0.7134  9
63450.00   0.8267 12
63500.00   0.8267 12
63550.00   0.7869 11
63600.00   0.6776  8
63650.01   0.7869 11
63700.00   0.6776  8
63750.00   0.7134  9
63800.00   0.7869 11
63850.00   0.7492 10
63900.00   0.7134  9
63950.00   0.8267 12
64000.00   0.7134  9
64050.00   0.7492 10
64100.00   0.7869 11
64150.00   0.7134  9
64200.00   0.7492 10
64250.00   0.7492 10
64300.00   0.7134  9
64350.00   0.7869 11
64400.00   0.7492 10
64450.00   0.7869 11
64500.00   0.7134  9
64550.00   0.7134  9
64600.00   0.7869 11
64650.00   0.8267 12
64700.00   0.7869 11
64750.00   0.7492 10
64800.00   0.8267 12
64850.00   0.7134  9
64900.00   0.7134  9
64950.00   0.7869 11
65000.00   0.6448  7
65050.00   0.7492 10
65100.00   0.6776  8
65150.00   0.7492 10
65200.00   0.8267 12
65250.00   0.7492 10
65300.00   0.8267 12
65350.00   0.7492 10
65400.00   0.8267 12
65450.00   0.8267 12
65500.00   0.7134  9
65550.00   0.7134  9
65600.00   0.7492 10
65650.00   0.7869 11
65700.00   0.7492 10
65750.00   0.6776  8
65800.00   0.7869 11
65850.00   0.7869 11
65900.00   0.7134  9
65950.00   0.7134  9
66000.00   0.6776  8
66050.01   0.8267 12
66100.00   0.7869 11
66150.00   0.7492 10
66200.00   0.8267 12
66250.00   0.7492 10
66300.00   0.8267 12
66350.00   0.7869 11
66400.00   0.6776  8
66450.00   0.6776  8
66500.00   0.7134  9
66550.00   0.7492 10
66600.00   0.6776  8
66650.00   0.6776  8
66700.00   0.7134  9
66750.00   0.7134  9
66800.00   0.7492 10
66850.00   0.7492 10
66900.00   0.7134  9
66950.00   0.7492 10
67000.00   0.7492 10
67050.00   0.7492 10
67100.00   0.7492 10
67150.00   0.7869 11
67200.00   0.7134  9
67250.00   0.7134  9
67300.00   0.6776  8
67350.00   0.7134  9
67400.00   0.7869 11
67450.00   0.8267 12
67500.00   0.7869 11
67550.00   0.7492 10
67600.00   0.7492 10
67650.00   0.6776  8
67700.00   0.6776  8
67750.00   0.7134  9
67800.00   0.7134  9
67850.00   0.7492 10
67900.00   0.7869 11
67950.00   0.8267 12
68000.00   0.7492 10
68050.00   0.6776  8
68100.00   0.7134  9
68150.00   0.7492 10
68200.01   0.8267 12
68250.00   0.7869 11
68300.00   0.8267 12
68350.00   0.8267 12
68400.00   0.7869 11
68450.00   0.6776  8
68500.00   0.6776  8
68550.00   0.8267 12
68600.00   0.7869 11
68650.00   0.7134  9
68700.00   0.8267 12
68750.00   0.7869 11
68800.00   0.7134  9
68850.00   0.8267 12
68900.00   0.6776  8
68950.00   0.6776  8
69000.00   0.6776  8
69050.00   0.7134  9
69100.00   0.7869 11
69150.00   0.6776  8
69200.00   0.7492 10
69250.00   0.7134  9
69300.00   0.7869 11
69350.00   0.7492 10
69400.00   0.7492 10
69450.00   0.8267 12
69500.00   0.7492 10
69550.00   0.7869 11
69600.00   0.8267 12
69650.00   0.6776  8
69700.00   0.8267 12
69750.00   0.6448  7
69800.00   0.6776  8
69850.00   0.7492 10
69900.00   0.7134  9
69950.00   0.7134  9
70000.00   0.8267 12
70050.00   0.7492 10
70100.00   0.6776  8
70150.00   0.7492 10
70200.00   0.6776  8
70250.00   0.6776  8
70300.00   0.7492 10
70350.00   0.8267 12
70400.00   0.7492 10
70450.00   0.7492 10
70500.00   0.7134  9
70550.00   0.6448  7
70600.00   0.6776  8
70650.00   0.6776  8
70700.00   0.7492 10
70750.00   0.7492 10
70800.00   0.7492 10
70850.00   0.8267 12
70900.00   0.7134  9
70950.00   0.7869 11
71000.00   0.7134  9
71050.00   0.7134  9
71100.00   0.8267 12
71150.00   0.6776  8
71200.00   0.7134  9
71250.00   0.8267 12
71300.00   0.7869 11
71350.00   0.7134  9
71400.00   0.7869 11
71450.00   0.7134  9
71500.00   0.7134  9
71550.00   0.7134  9
71600.00   0.7869 11
71650.00   0.8267 12
71700.00   0.7134  9
71750.00   0.7134  9
71800.00   0.8267 12
71850.00   0.6448  7
71900.01   0.6776  8
71950.00   0.7492 10
72000.00   0.7869 11
72050.00   0.7869 11
72100.00   0.7492 10
72150.00   0.6448  7
72200.00   0.7134  9
72250.00   0.8267 12
72300.00   0.7492 10
72350.00   0.7492 10
72400.00   0.7869 11
72450.00   0.7134  9
72500.00   0.7134  9
72550.00   0.7134  9
72600.00   0.7134  9
72650.00   0.6448  7
72700.00   0.7492 10
72750.00   0.8267 12
72800.01   0.7134  9
72850.00   0.7869 11
72900.00   0.7492 10
72950.00   0.7869 11
73000.01   0.7134  9
73050.00   0.7134  9
73100.00   0.7134  9
73150.00   0.6776  8
73200.00   0.6776  8
73250.00   0.7134  9
73300.00   0.8267 12
73350.00   0.8267 12
73400.00   0.7134  9
73450.00   0.6776  8
73500.00   0.6448  7
73550.00   0.7492 10
73600.00   0.6776  8
73650.00   0.7492 10
73700.00   0.7492 10
73750.00   0.7869 11
73800.00   0.7492 10
73850.00   0.8267 12
73900.00   0.8267 12
73950.00   0.7869 11
74000.00   0.7492 10
74050.00   0.6776  8
74100.00   0.7869 11
74150.00   0.8267 12
74200.00   0.7869 11
74250.00   0.7492 10
74300.00   0.7869 11
74350.00   0.7869 11
74400.00   0.7134  9
74450.00   0.7134  9
74500.00   0.7134  9
74550.00   0.8267 12
74600.00   0.7134  9
74650.00   0.7869 11
74700.01   0.7134  9
74750.00   0.7869 11
74800.00   0.7869 11
74850.00   0.8267 12
74900.00   0.8267 12
74950.00   0.7492 10
75000.00   0.7492 10
75050.00   0.8267 12
75100.00   0.7869 11
75150.00   0.8267 12
75200.00   0.7492 10
75250.00   0.7134  9
75300.00   0.7869 11
75350.00   0.8267 12
75400.00   0.7869 11
75450.00   0.8267 12
75500.00   0.7869 11
75550.00   0.6776  8
75600.00   0.6776  8
75650.00   0.7134  9
75700.01   0.7492 10
75750.00   0.7869 11
75800.00   0.8267 12
75850.00   0.6776  8
75900.00   0.8267 12
75950.00   0.6776  8
76000.00   0.7869 11
76050.00   0.6776  8
76100.00   0.7492 10
76150.00   0.7492 10
76200.00   0.7869 11
76250.00   0.8267 12
76300.00   0.6776  8
76350.00   0.6448  7
76400.00   0.7492 10
76450.00   0.6776  8
76500.00   0.6448  7
76550.00   0.7134  9
76600.00   0.7869 11
76650.00   0.7869 11
76700.00   0.7869 11
76750.00   0.6776  8
76800.00   0.7492 10
76850.00   0.7492 10
76900.00   0.6776  8
76950.00   0.7869 11
77000.00   0.6776  8
77050.00   0.6776  8
77100.00   0.7869 11
77150.00   0.7492 10
77200.00   0.7134  9
77250.00   0.8267 12
77300.00   0.7492 10
77350.00   0.7492 10
77400.00   0.6776  8
77450.00   0.7492 10
77500.00   0.7492 10
77550.00   0.7134  9
77600.00   0.7492 10
77650.00   0.7492 10
77700.00   0.8267 12
77750.00   0.6448  7
77800.00   0.7134  9
77850.00   0.8267 12
77900.00   0.7134  9
77950.00   0.7869 11
78000.00   0.6776  8
78050.00   0.7492 10
78100.00   0.7492 10
78150.00   0.7492 10
78200.00   0.7869 11
78250.00   0.7869 11
78300.00   0.7869 11
78350.00   0.6776  8
78400.00   0.8267 12
78450.00   0.6776  8
78500.00   0.7134  9
78550.00   0.7492 10
78600.00   0.7134  9
78650.00   0.6776  8
78700.00   0.7869 11
78750.00   0.7869 11
78800.00   0.7492 10
78850.00   0.8267 12
78900.00   0.7492 10
78950.00   0.7869 11
79000.00   0.7492 10
79050.00   0.7492 10
79100.00   0.7869 11
79150.00   0.7869 11
79200.00   0.7492 10
79250.00   0.6776  8
79300.00   0.6776  8
79350.00   0.7134  9
79400.00   0.6776  8
79450.00   0.6776  8
79500.00   0.8267 12
79550.00   0.8267 12
79600.00   0.7492 10
79650.00   0.7134  9
79700.00   0.7869 11
79750.00   0.7869 11
79800.00   0.7869 11
79850.00   0.7492 10
79900.00   0.7134  9
79950.00   0.7492 10
80000.00   0.7492 10
80050.00   0.6776  8
80100.00   0.6776  8
80150.00   0.7869 11
80200.00   0.7134  9
80250.00   0.7869 11
80300.00   0.7134  9
80350.00   0.7134  9
80400.00   0.7134  9
80450.00   0.6776  8
80500.00   0.7134  9
80550.00   0.8267 12
80600.00   0.8267 12
80650.00   0.6448  7
80700.00   0.7134  9
80750.00   0.7492 10
80800.00   0.7492 10
80850.01   0.7869 11
80900.00   0.7492 10
80950.00   0.6776  8
81000.00   0.7869 11
81050.00   0.7869 11
81100.00   0.7134  9
81150.00   0.7134  9
81200.00   0.7134  9
81250.00   0.7492 10
81300.00   0.7134  9
81350.00   0.8267 12
81400.00   0.8267 12
81450.00   0.7869 11
81500.00   0.7134  9
81550.00   0.7134  9
81600.00   0.7134  9
81650.00   0.6776  8
81700.00   0.8267 12
81750.00   0.7869 11
81800.00   0.7869 11
81850.00   0.6448  7
81900.00   0.7492 10
81950.00   0.7134  9
82000.00   0.7869 11
82050.00   0.7492 10
82100.00   0.7869 11
82150.00   0.7869 11
82200.00   0.7492 10
82250.00   0.7492 10
82300.00   0.7134  9
82350.00   0.6776  8
82400.00   0.7134  9
82450.00   0.6776  8
82500.00   0.8267 12
82550.00   0.7869 11
82600.00   0.7492 10
82650.00   0.7134  9
82700.00   0.7492 10
82750.00   0.6776  8
82800.00   0.7869 11
82850.00   0.6776  8
82900.00   0.7134  9
82950.00   0.6776  8
83000.00   0.7134  9
83050.00   0.7869 11
83100.00   0.7134  9
83150.00   0.8267 12
83200.00   0.7134  9
83250.00   0.6776  8
83300.00   0.7492 10
83350.00   0.7492 10
83400.00   0.7492 10
83450.00   0.7492 10
83500.00   0.7869 11
83550.00   0.7134  9
83600.00   0.6776  8
83650.00   0.7134  9
83700.00   0.7492 10
83750.00   0.6776  8
83800.00   0.7134  9
83850.00   0.7869 11
83900.00   0.6776  8
83950.00   0.7492 10
84000.00   0.8267 12
84050.00   0.7134  9
84100.00   0.7492 10
84150.00   0.7134  9
84200.00   0.7134  9
84250.01   0.7134  9
84300.00   0.8267 12
84350.01   0.7134  9
84400.00   0.7869 11
84450.00   0.8267 12
84500.00   0.7869 11
84550.00   0.7492 10
84600.00   0.7869 11
84650.00   0.6121  6
84700.00   0.7492 10
84750.00   0.8267 12
84800.00   0.8267 12
84850.00   0.8267 12
84900.00   0.7134  9
84950.00   0.7492 10
85000.00   0.7492 10
85050.00   0.8267 12
85100.00   0.8267 12
85150.00   0.6776  8
85200.00   0.7869 11
85250.00   0.8267 12
85300.00   0.7869 11
85350.00   0.8267 12
85400.00   0.8267 12
85450.00   0.6448  7
85500.00   0.7869 11
85550.00   0.8267 12
85600.00   0.6776  8
85650.00   0.7492 10
85700.00   0.7492 10
85750.00   0.7134  9
85800.00   0.7134  9
85850.00   0.7869 11
85900.00   0.7134  9
85950.00   0.7492 10
86000.00   0.7869 11
86050.00   0.6776  8
86100.00   0.6776  8
86150.00   0.7492 10
86200.00   0.6448  7
86250.00   0.7134  9
86300.00   0.7492 10
86350.00   0.8267 12
86400.00   0.7492 10
86450.00   0.7134  9
86500.00   0.7134  9
86550.00   0.6448  7
86600.00   0.8267 12
86650.00   0.6448  7
86700.00   0.7492 10
86750.00   0.7134  9
86800.00   0.7134  9
86850.00   0.6776  8
86900.00   0.6448  7
86950.00   0.7492 10
87000.00   0.6776  8
87050.00   0.7134  9
87100.00   0.6776  8
87150.00   0.7134  9
87200.00   0.6776  8
87250.00   0.6448  7
87300.00   0.7134  9
87350.00   0.7492 10
87400.00   0.6776  8
87450.00   0.7869 11
87500.00   0.7134  9
87550.00   0.8267 12
87600.00   0.7869 11
87650.00   0.8267 12
87700.00   0.6776  8
87750.00   0.6776  8
87800.00   0.7869 11
87850.00   0.7134  9
87900.00   0.6776  8
87950.00   0.7134  9
88000.00   0.7492 10
88050.00   0.7869 11
88100.00   0.7134  9
88150.00   0.7134  9
88200.00   0.6776  8
88250.00   0.7492 10
88300.00   0.7869 11
88350.00   0.8267 12
88400.00   0.7869 11
88450.00   0.7134  9
88500.00   0.6776  8
88550.00   0.7134  9
88600.00   0.7492 10
88650.00   0.7134  9
88700.00   0.6776  8
88750.00   0.6776  8
88800.00   0.7134  9
88850.00   0.7869 11
88900.00   0.6448  7
88950.00   0.7134  9
89000.00   0.7134  9
89050.00   0.6776  8
89100.00   0.7869 11
89150.00   0.7492 10
89200.00   0.6448  7
89250.00   0.7869 11
89300.00   0.6121  6
89350.00   0.7134  9
89400.00   0.6776  8
89450.00   0.7134  9
89500.00   0.7134  9
89550.00   0.6776  8
89600.00   0.7492 10
89650.00   0.7492 10
89700.00   0.7134  9
89750.00   0.7134  9
89800.00   0.8267 12
89850.00   0.7492 10
89900.00   0.7492 10
89950.00   0.8267 12
90000.00   0.6776  8
90050.00   0.6776  8
90100.00   0.6776  8
90150.00   0.7492 10
90200.00   0.7492 10
90250.00   0.6776  8
90300.00   0.7134  9
90350.00   0.7869 11
90400.00   0.7869 11
90450.00   0.7869 11
90500.00   0.6776  8
90550.00   0.6776  8
90600.00   0.7134  9
90650.00   0.7134  9
90700.00   0.7492 10
90750.00   0.7492 10
90800.00   0.7869 11
90850.00   0.7134  9
90900.00   0.8267 12
90950.00   0.6776  8
91000.00   0.7134  9
91050.00   0.7869 11
91100.00   0.6776  8
91150.00   0.7869 11
91200.00   0.7492 10
91250.00   0.8267 12
91300.00   0.7869 11
91350.00   0.6776  8
91400.00   0.8267 12
91450.00   0.7492 10
91500.00   0.7869 11
91550.00   0.8267 12
91600.00   0.6448  7
91650.00   0.7869 11
91700.00   0.6448  7
91750.00   0.6776  8
91800.00   0.7869 11
91850.00   0.6776  8
91900.00   0.7869 11
91950.00   0.8267 12
92000.00   0.7134  9
92050.00   0.7869 11
92100.00   0.7869 11
92150.00   0.8267 12
92200.00   0.6776  8
92250.00   0.8267 12
92300.00   0.6776  8
92350.00   0.8267 12
92400.00   0.8267 12
92450.00   0.7134  9
92500.00   0.6776  8
92550.00   0.7492 10
92600.00   0.7134  9
92650.00   0.7134  9
92700.00   0.8267 12
92750.00   0.8267 12
92800.00   0.7134  9
92850.00   0.8267 12
92900.00   0.8267 12
92950.00   0.7134  9
93000.00   0.7134  9
93050.00   0.8267 12
93100.00   0.6776  8
93150.00   0.6776  8
93200.00   0.7869 11
93250.00   0.7492 10
93300.00   0.7869 11
93350.00   0.7869 11
93400.00   0.6776  8
93450.00   0.7492 10
93500.00   0.7492 10
93550.00   0.8267 12
93600.00   0.8267 12
93650.00   0.7134  9
93700.00   0.6448  7
93750.00   0.7869 11
93800.00   0.7869 11
93850.01   0.7134  9
93900.00   0.6776  8
93950.01   0.7492 10
94000.00   0.7492 10
94050.00   0.8267 12
94100.00   0.7869 11
94150.00   0.8267 12
94200.00   0.7134  9
94250.00   0.6776  8
94300.00   0.7492 10
94350.00   0.7492 10
94400.00   0.7134  9
94450.00   0.7492 10
94500.00   0.7492 10
94550.00   0.8267 12
94600.00   0.8267 12
94650.00   0.8267 12
94700.00   0.7492 10
94750.00   0.8267 12
94800.00   0.7492 10
94850.00   0.7869 11
94900.00   0.8267 12
94950.00   0.6776  8
95000.00   0.7134  9
95050.00   0.7134  9
95100.00   0.6776  8
95150.00   0.7492 10
95200.00   0.8267 12
95250.00   0.8267 12
95300.00   0.6776  8
95350.00   0.7134  9
95400.00   0.8267 12
95450.00   0.6776  8
95500.00   0.6776  8
95550.00   0.7134  9
95600.00   0.7869 11
95650.00   0.6776  8
95700.00   0.6776  8
95750.00   0.7869 11
95800.00   0.7869 11
95850.00   0.7869 11
95900.00   0.7869 11
95950.00   0.7134  9
96000.00   0.7869 11
96050.00   0.8267 12
96100.00   0.7134  9
96150.00   0.7134  9
96200.00   0.7134  9
96250.00   0.6776  8
96300.00   0.6776  8
96350.00   0.8267 12
96400.00   0.8267 12
96450.00   0.7869 11
96500.00   0.8267 12
96550.00   0.7869 11
96600.00   0.7492 10
96650.00   0.6448  7
96700.00   0.8267 12
96750.00   0.8267 12
96800.00   0.7869 11
96850.00   0.7492 10
96900.00   0.6776  8
96950.00   0.7869 11
97000.00   0.8267 12
97050.00   0.8267 12
97100.00   0.7134  9
97150.00   0.7134  9
97200.00   0.8267 12
97250.00   0.7134  9
97300.00   0.7492 10
97350.00   0.7492 10
97400.00   0.6776  8
97450.00   0.8267 12
97500.00   0.7134  9
97550.00   0.7492 10
97600.00   0.7134  9
97650.00   0.7492 10
97700.00   0.7492 10
97750.00   0.7134  9
97800.00   0.7869 11
97850.00   0.7869 11
97900.00   0.6776  8
97950.01   0.7869 11
98000.00   0.7492 10
98050.00   0.6776  8
98100.00   0.7492 10
98150.00   0.7869 11
98200.00   0.7869 11
98250.00   0.6776  8
98300.00   0.7134  9
98350.00   0.6776  8
98400.00   0.8267 12
98450.00   0.7492 10
98500.00   0.7492 10
98550.00   0.6776  8
98600.00   0.8267 12
98650.00   0.7492 10
98700.00   0.6776  8
98750.00   0.8267 12
98800.00   0.7492 10
98850.00   0.7869 11
98900.00   0.7492 10
98950.00   0.8267 12
99000.00   0.7492 10
99050.00   0.7134  9
99100.00   0.7492 10
99150.00   0.7869 11
99200.00   0.7492 10
99250.00   0.6776  8
99300.00   0.6448  7
99350.00   0.7134  9
99400.00   0.7869 11
99450.00   0.8267 12
99500.00   0.7492 10
99550.00   0.8267 12
99600.00   0.7492 10
99650.00   0.6448  7
99700.01   0.7492 10
99750.00   0.7492 10
99800.00   0.6776  8
99850.00   0.8267 12
99900.00   0.6776  8
99950.00   0.6776  8
100000.00   0.7134  9
