# Free Energy
#   binNum               236.50 (K)               250.00 (K)               263.50 (K)               277.50 (K)               292.50 (K)               308.00 (K)               324.50 (K)               341.00 (K)               359.00 (K)               377.00 (K)               396.00 (K)               416.00 (K) 
      0.00           0.0000e+00           0.0000e+00           0.0000e+00           0.0000e+00           0.0000e+00           0.0000e+00           0.0000e+00           0.0000e+00           0.0000e+00           0.0000e+00           0.0000e+00           0.0000e+00 
      0.01          -1.0571e+01          -9.4660e+00          -8.3612e+00          -7.2155e+00          -5.9880e+00          -4.7196e+00          -3.3694e+00          -2.0191e+00          -5.4609e-01           9.2691e-01           2.4818e+00           4.1184e+00 
      0.02          -1.2250e+01          -1.1202e+01          -1.0154e+01          -9.0673e+00          -7.9028e+00          -6.6995e+00          -5.4185e+00          -4.1376e+00          -2.7402e+00          -1.3428e+00           1.3226e-01           1.6849e+00 
      0.03          -1.2824e+01          -1.1829e+01          -1.0833e+01          -9.8009e+00          -8.6947e+00          -7.5517e+00          -6.3349e+00          -5.1181e+00          -3.7907e+00          -2.4633e+00          -1.0621e+00           4.1275e-01 
      0.04          -1.3081e+01          -1.2106e+01          -1.1130e+01          -1.0119e+01          -9.0354e+00          -7.9157e+00          -6.7236e+00          -5.5316e+00          -4.2313e+00          -2.9309e+00          -1.5583e+00          -1.1345e-01 
      0.05          -1.3415e+01          -1.2454e+01          -1.1492e+01          -1.0495e+01          -9.4265e+00          -8.3225e+00          -7.1472e+00          -5.9720e+00          -4.6899e+00          -3.4078e+00          -2.0544e+00          -6.2989e-01 
      0.06          -1.3494e+01          -1.2544e+01          -1.1594e+01          -1.0608e+01          -9.5528e+00          -8.4620e+00          -7.3009e+00          -6.1397e+00          -4.8730e+00          -3.6063e+00          -2.2692e+00          -8.6173e-01 
      0.07          -1.3374e+01          -1.2428e+01          -1.1481e+01          -1.0499e+01          -9.4478e+00          -8.3611e+00          -7.2043e+00          -6.0475e+00          -4.7855e+00          -3.5235e+00          -2.1914e+00          -7.8916e-01 
      0.08          -1.3163e+01          -1.2223e+01          -1.1283e+01          -1.0308e+01          -9.2642e+00          -8.1852e+00          -7.0366e+00          -5.8880e+00          -4.6349e+00          -3.3819e+00          -2.0592e+00          -6.6696e-01 
      0.09          -1.2836e+01          -1.1910e+01          -1.0984e+01          -1.0023e+01          -8.9943e+00          -7.9311e+00          -6.7992e+00          -5.6674e+00          -4.4326e+00          -3.1979e+00          -1.8945e+00          -5.2260e-01 
      0.10          -1.2612e+01          -1.1688e+01          -1.0764e+01          -9.8057e+00          -8.7792e+00          -7.7184e+00          -6.5892e+00          -5.4600e+00          -4.2281e+00          -2.9963e+00          -1.6960e+00          -3.2722e-01 
      0.11          -1.2395e+01          -1.1501e+01          -1.0607e+01          -9.6807e+00          -8.6877e+00          -7.6616e+00          -6.5693e+00          -5.4770e+00          -4.2854e+00          -3.0938e+00          -1.8360e+00          -5.1195e-01 
      0.12          -1.2221e+01          -1.1346e+01          -1.0471e+01          -9.5628e+00          -8.5903e+00          -7.5853e+00          -6.5154e+00          -5.4456e+00          -4.2785e+00          -3.1114e+00          -1.8795e+00          -5.8276e-01 
      0.13          -1.1967e+01          -1.1124e+01          -1.0281e+01          -9.4064e+00          -8.4698e+00          -7.5019e+00          -6.4715e+00          -5.4412e+00          -4.3172e+00          -3.1932e+00          -2.0067e+00          -7.5781e-01 
      0.14          -1.1663e+01          -1.0860e+01          -1.0056e+01          -9.2231e+00          -8.3304e+00          -7.4080e+00          -6.4261e+00          -5.4442e+00          -4.3730e+00          -3.3018e+00          -2.1711e+00          -9.8095e-01 
      0.15          -1.1383e+01          -1.0635e+01          -9.8867e+00          -9.1108e+00          -8.2794e+00          -7.4203e+00          -6.5058e+00          -5.5912e+00          -4.5936e+00          -3.5959e+00          -2.5428e+00          -1.4343e+00 
      0.16          -1.1421e+01          -1.0680e+01          -9.9384e+00          -9.1697e+00          -8.3461e+00          -7.4950e+00          -6.5890e+00          -5.6830e+00          -4.6947e+00          -3.7063e+00          -2.6630e+00          -1.5649e+00 
      0.17          -1.1566e+01          -1.0820e+01          -1.0073e+01          -9.2991e+00          -8.4697e+00          -7.6127e+00          -6.7004e+00          -5.7882e+00          -4.7929e+00          -3.7977e+00          -2.7472e+00          -1.6414e+00 
      0.18          -1.1675e+01          -1.0941e+01          -1.0208e+01          -9.4465e+00          -8.6310e+00          -7.7884e+00          -6.8915e+00          -5.9945e+00          -5.0160e+00          -4.0375e+00          -3.0046e+00          -1.9173e+00 
      0.19          -1.1608e+01          -1.0887e+01          -1.0167e+01          -9.4189e+00          -8.6180e+00          -7.7903e+00          -6.9092e+00          -6.0282e+00          -5.0670e+00          -4.1058e+00          -3.0913e+00          -2.0233e+00 
      0.20          -1.1431e+01          -1.0724e+01          -1.0017e+01          -9.2844e+00          -8.4990e+00          -7.6873e+00          -6.8233e+00          -5.9593e+00          -5.0168e+00          -4.0743e+00          -3.0794e+00          -2.0321e+00 
      0.21          -1.0980e+01          -1.0327e+01          -9.6740e+00          -8.9969e+00          -8.2714e+00          -7.5217e+00          -6.7236e+00          -5.9255e+00          -5.0549e+00          -4.1843e+00          -3.2653e+00          -2.2980e+00 
      0.22          -1.0631e+01          -1.0009e+01          -9.3869e+00          -8.7417e+00          -8.0504e+00          -7.3360e+00          -6.5756e+00          -5.8151e+00          -4.9856e+00          -4.1560e+00          -3.2804e+00          -2.3586e+00 
      0.23          -1.0089e+01          -9.5296e+00          -8.9702e+00          -8.3901e+00          -7.7686e+00          -7.1264e+00          -6.4427e+00          -5.7590e+00          -5.0132e+00          -4.2674e+00          -3.4801e+00          -2.6515e+00 
      0.24          -9.7937e+00          -9.2766e+00          -8.7594e+00          -8.2231e+00          -7.6485e+00          -7.0548e+00          -6.4227e+00          -5.7907e+00          -5.1012e+00          -4.4116e+00          -3.6838e+00          -2.9177e+00 
      0.25          -9.2852e+00          -8.8417e+00          -8.3982e+00          -7.9382e+00          -7.4454e+00          -6.9362e+00          -6.3941e+00          -5.8520e+00          -5.2606e+00          -4.6692e+00          -4.0450e+00          -3.3879e+00 
      0.26          -8.9944e+00          -8.5883e+00          -8.1822e+00          -7.7611e+00          -7.3099e+00          -6.8437e+00          -6.3474e+00          -5.8511e+00          -5.3096e+00          -4.7682e+00          -4.1967e+00          -3.5951e+00 
      0.27          -8.9166e+00          -8.5196e+00          -8.1227e+00          -7.7110e+00          -7.2700e+00          -6.8142e+00          -6.3291e+00          -5.8439e+00          -5.3147e+00          -4.7854e+00          -4.2268e+00          -3.6387e+00 
      0.28          -8.4869e+00          -8.1287e+00          -7.7705e+00          -7.3991e+00          -7.0011e+00          -6.5899e+00          -6.1522e+00          -5.7144e+00          -5.2368e+00          -4.7593e+00          -4.2552e+00          -3.7246e+00 
      0.29          -7.8060e+00          -7.5458e+00          -7.2856e+00          -7.0157e+00          -6.7266e+00          -6.4279e+00          -6.1099e+00          -5.7919e+00          -5.4449e+00          -5.0980e+00          -4.7318e+00          -4.3463e+00 
      0.30          -7.2427e+00          -7.0433e+00          -6.8440e+00          -6.6372e+00          -6.4156e+00          -6.1867e+00          -5.9430e+00          -5.6993e+00          -5.4334e+00          -5.1676e+00          -4.8870e+00          -4.5916e+00 
      0.31          -6.2616e+00          -6.1849e+00          -6.1082e+00          -6.0287e+00          -5.9435e+00          -5.8554e+00          -5.7617e+00          -5.6680e+00          -5.5657e+00          -5.4635e+00          -5.3555e+00          -5.2419e+00 
      0.32          -5.7802e+00          -5.7643e+00          -5.7484e+00          -5.7319e+00          -5.7142e+00          -5.6959e+00          -5.6765e+00          -5.6570e+00          -5.6358e+00          -5.6146e+00          -5.5922e+00          -5.5686e+00 
      0.33          -5.4607e+00          -5.4777e+00          -5.4948e+00          -5.5124e+00          -5.5314e+00          -5.5509e+00          -5.5717e+00          -5.5925e+00          -5.6153e+00          -5.6380e+00          -5.6619e+00          -5.6872e+00 
      0.34          -5.2697e+00          -5.3300e+00          -5.3903e+00          -5.4529e+00          -5.5199e+00          -5.5891e+00          -5.6628e+00          -5.7365e+00          -5.8169e+00          -5.8973e+00          -5.9822e+00          -6.0716e+00 
      0.35          -4.9306e+00          -5.0309e+00          -5.1312e+00          -5.2351e+00          -5.3465e+00          -5.4616e+00          -5.5841e+00          -5.7067e+00          -5.8403e+00          -5.9740e+00          -6.1151e+00          -6.2636e+00 
      0.36          -5.1036e+00          -5.2119e+00          -5.3203e+00          -5.4326e+00          -5.5530e+00          -5.6774e+00          -5.8098e+00          -5.9422e+00          -6.0867e+00          -6.2312e+00          -6.3836e+00          -6.5442e+00 
      0.37          -5.0717e+00          -5.1996e+00          -5.3274e+00          -5.4599e+00          -5.6019e+00          -5.7487e+00          -5.9049e+00          -6.0612e+00          -6.2316e+00          -6.4020e+00          -6.5819e+00          -6.7713e+00 
      0.38          -5.1141e+00          -5.2447e+00          -5.3754e+00          -5.5108e+00          -5.6560e+00          -5.8060e+00          -5.9657e+00          -6.1253e+00          -6.2995e+00          -6.4737e+00          -6.6576e+00          -6.8511e+00 
      0.39          -5.1231e+00          -5.2590e+00          -5.3949e+00          -5.5359e+00          -5.6869e+00          -5.8429e+00          -6.0090e+00          -6.1751e+00          -6.3563e+00          -6.5375e+00          -6.7288e+00          -6.9301e+00 
      0.40          -5.1867e+00          -5.3262e+00          -5.4658e+00          -5.6104e+00          -5.7654e+00          -5.9256e+00          -6.0961e+00          -6.2666e+00          -6.4526e+00          -6.6386e+00          -6.8350e+00          -7.0416e+00 
      0.41          -5.1787e+00          -5.3178e+00          -5.4569e+00          -5.6011e+00          -5.7556e+00          -5.9153e+00          -6.0853e+00          -6.2553e+00          -6.4408e+00          -6.6262e+00          -6.8220e+00          -7.0280e+00 
      0.42          -5.1483e+00          -5.2885e+00          -5.4287e+00          -5.5741e+00          -5.7298e+00          -5.8908e+00          -6.0621e+00          -6.2335e+00          -6.4204e+00          -6.6073e+00          -6.8046e+00          -7.0123e+00 
      0.43          -5.0776e+00          -5.2093e+00          -5.3410e+00          -5.4776e+00          -5.6239e+00          -5.7751e+00          -5.9360e+00          -6.0970e+00          -6.2725e+00          -6.4481e+00          -6.6334e+00          -6.8285e+00 
      0.44          -5.0470e+00          -5.1768e+00          -5.3066e+00          -5.4412e+00          -5.5854e+00          -5.7344e+00          -5.8930e+00          -6.0516e+00          -6.2246e+00          -6.3977e+00          -6.5803e+00          -6.7726e+00 
      0.45          -4.9324e+00          -5.0554e+00          -5.1783e+00          -5.3058e+00          -5.4424e+00          -5.5836e+00          -5.7339e+00          -5.8842e+00          -6.0481e+00          -6.2120e+00          -6.3851e+00          -6.5672e+00 
      0.46          -4.7683e+00          -4.8763e+00          -4.9842e+00          -5.0962e+00          -5.2162e+00          -5.3402e+00          -5.4721e+00          -5.6041e+00          -5.7481e+00          -5.8921e+00          -6.0440e+00          -6.2040e+00 
      0.47          -4.6028e+00          -4.7009e+00          -4.7990e+00          -4.9007e+00          -5.0096e+00          -5.1222e+00          -5.2421e+00          -5.3619e+00          -5.4927e+00          -5.6234e+00          -5.7615e+00          -5.9067e+00 
      0.48          -4.5143e+00          -4.6102e+00          -4.7061e+00          -4.8056e+00          -4.9121e+00          -5.0222e+00          -5.1395e+00          -5.2567e+00          -5.3846e+00          -5.5125e+00          -5.6475e+00          -5.7896e+00 
      0.49          -4.3595e+00          -4.4490e+00          -4.5385e+00          -4.6313e+00          -4.7308e+00          -4.8335e+00          -4.9429e+00          -5.0523e+00          -5.1716e+00          -5.2909e+00          -5.4169e+00          -5.5495e+00 
      0.50          -4.0809e+00          -4.1561e+00          -4.2312e+00          -4.3091e+00          -4.3926e+00          -4.4788e+00          -4.5707e+00          -4.6625e+00          -4.7627e+00          -4.8629e+00          -4.9686e+00          -5.0799e+00 
      0.51          -3.9392e+00          -3.9923e+00          -4.0454e+00          -4.1005e+00          -4.1595e+00          -4.2205e+00          -4.2854e+00          -4.3503e+00          -4.4211e+00          -4.4919e+00          -4.5666e+00          -4.6453e+00 
      0.52          -3.4816e+00          -3.5301e+00          -3.5786e+00          -3.6289e+00          -3.6828e+00          -3.7384e+00          -3.7977e+00          -3.8570e+00          -3.9217e+00          -3.9863e+00          -4.0546e+00          -4.1264e+00 
      0.53          -3.0891e+00          -3.1221e+00          -3.1551e+00          -3.1893e+00          -3.2260e+00          -3.2639e+00          -3.3043e+00          -3.3446e+00          -3.3886e+00          -3.4326e+00          -3.4791e+00          -3.5280e+00 
      0.54          -2.5903e+00          -2.6270e+00          -2.6637e+00          -2.7017e+00          -2.7425e+00          -2.7846e+00          -2.8295e+00          -2.8743e+00          -2.9232e+00          -2.9721e+00          -3.0238e+00          -3.0781e+00 
      0.55          -2.1517e+00          -2.1517e+00          -2.1517e+00          -2.1517e+00          -2.1517e+00          -2.1517e+00          -2.1517e+00          -2.1517e+00          -2.1517e+00          -2.1517e+00          -2.1517e+00          -2.1517e+00 
      0.56          -2.1359e+00          -2.1373e+00          -2.1388e+00          -2.1403e+00          -2.1420e+00          -2.1436e+00          -2.1454e+00          -2.1472e+00          -2.1492e+00          -2.1512e+00          -2.1532e+00          -2.1554e+00 
      0.57           0.0000e+00           0.0000e+00           0.0000e+00           0.0000e+00           0.0000e+00           0.0000e+00           0.0000e+00           0.0000e+00           0.0000e+00           0.0000e+00           0.0000e+00           0.0000e+00 
      0.58           0.0000e+00           0.0000e+00           0.0000e+00           0.0000e+00           0.0000e+00           0.0000e+00           0.0000e+00           0.0000e+00           0.0000e+00           0.0000e+00           0.0000e+00           0.0000e+00 
      0.59           0.0000e+00           0.0000e+00           0.0000e+00           0.0000e+00           0.0000e+00           0.0000e+00           0.0000e+00           0.0000e+00           0.0000e+00           0.0000e+00           0.0000e+00           0.0000e+00 
      0.60           0.0000e+00           0.0000e+00           0.0000e+00           0.0000e+00           0.0000e+00           0.0000e+00           0.0000e+00           0.0000e+00           0.0000e+00           0.0000e+00           0.0000e+00           0.0000e+00 
      0.61           0.0000e+00           0.0000e+00           0.0000e+00           0.0000e+00           0.0000e+00           0.0000e+00           0.0000e+00           0.0000e+00           0.0000e+00           0.0000e+00           0.0000e+00           0.0000e+00 
      0.62           0.0000e+00           0.0000e+00           0.0000e+00           0.0000e+00           0.0000e+00           0.0000e+00           0.0000e+00           0.0000e+00           0.0000e+00           0.0000e+00           0.0000e+00           0.0000e+00 
      0.63           0.0000e+00           0.0000e+00           0.0000e+00           0.0000e+00           0.0000e+00           0.0000e+00           0.0000e+00           0.0000e+00           0.0000e+00           0.0000e+00           0.0000e+00           0.0000e+00 
      0.64           0.0000e+00           0.0000e+00           0.0000e+00           0.0000e+00           0.0000e+00           0.0000e+00           0.0000e+00           0.0000e+00           0.0000e+00           0.0000e+00           0.0000e+00           0.0000e+00 
      0.65           0.0000e+00           0.0000e+00           0.0000e+00           0.0000e+00           0.0000e+00           0.0000e+00           0.0000e+00           0.0000e+00           0.0000e+00           0.0000e+00           0.0000e+00           0.0000e+00 
      0.66           0.0000e+00           0.0000e+00           0.0000e+00           0.0000e+00           0.0000e+00           0.0000e+00           0.0000e+00           0.0000e+00           0.0000e+00           0.0000e+00           0.0000e+00           0.0000e+00 
      0.67           0.0000e+00           0.0000e+00           0.0000e+00           0.0000e+00           0.0000e+00           0.0000e+00           0.0000e+00           0.0000e+00           0.0000e+00           0.0000e+00           0.0000e+00           0.0000e+00 
      0.68           0.0000e+00           0.0000e+00           0.0000e+00           0.0000e+00           0.0000e+00           0.0000e+00           0.0000e+00           0.0000e+00           0.0000e+00           0.0000e+00           0.0000e+00           0.0000e+00 
      0.69           0.0000e+00           0.0000e+00           0.0000e+00           0.0000e+00           0.0000e+00           0.0000e+00           0.0000e+00           0.0000e+00           0.0000e+00           0.0000e+00           0.0000e+00           0.0000e+00 
      0.70           0.0000e+00           0.0000e+00           0.0000e+00           0.0000e+00           0.0000e+00           0.0000e+00           0.0000e+00           0.0000e+00           0.0000e+00           0.0000e+00           0.0000e+00           0.0000e+00 
      0.71           0.0000e+00           0.0000e+00           0.0000e+00           0.0000e+00           0.0000e+00           0.0000e+00           0.0000e+00           0.0000e+00           0.0000e+00           0.0000e+00           0.0000e+00           0.0000e+00 
      0.72           0.0000e+00           0.0000e+00           0.0000e+00           0.0000e+00           0.0000e+00           0.0000e+00           0.0000e+00           0.0000e+00           0.0000e+00           0.0000e+00           0.0000e+00           0.0000e+00 
      0.73           0.0000e+00           0.0000e+00           0.0000e+00           0.0000e+00           0.0000e+00           0.0000e+00           0.0000e+00           0.0000e+00           0.0000e+00           0.0000e+00           0.0000e+00           0.0000e+00 
      0.74           0.0000e+00           0.0000e+00           0.0000e+00           0.0000e+00           0.0000e+00           0.0000e+00           0.0000e+00           0.0000e+00           0.0000e+00           0.0000e+00           0.0000e+00           0.0000e+00 
      0.75           0.0000e+00           0.0000e+00           0.0000e+00           0.0000e+00           0.0000e+00           0.0000e+00           0.0000e+00           0.0000e+00           0.0000e+00           0.0000e+00           0.0000e+00           0.0000e+00 
      0.76           0.0000e+00           0.0000e+00           0.0000e+00           0.0000e+00           0.0000e+00           0.0000e+00           0.0000e+00           0.0000e+00           0.0000e+00           0.0000e+00           0.0000e+00           0.0000e+00 
      0.77           0.0000e+00           0.0000e+00           0.0000e+00           0.0000e+00           0.0000e+00           0.0000e+00           0.0000e+00           0.0000e+00           0.0000e+00           0.0000e+00           0.0000e+00           0.0000e+00 
      0.78           0.0000e+00           0.0000e+00           0.0000e+00           0.0000e+00           0.0000e+00           0.0000e+00           0.0000e+00           0.0000e+00           0.0000e+00           0.0000e+00           0.0000e+00           0.0000e+00 
      0.79           0.0000e+00           0.0000e+00           0.0000e+00           0.0000e+00           0.0000e+00           0.0000e+00           0.0000e+00           0.0000e+00           0.0000e+00           0.0000e+00           0.0000e+00           0.0000e+00 
      0.80           0.0000e+00           0.0000e+00           0.0000e+00           0.0000e+00           0.0000e+00           0.0000e+00           0.0000e+00           0.0000e+00           0.0000e+00           0.0000e+00           0.0000e+00           0.0000e+00 
      0.81           0.0000e+00           0.0000e+00           0.0000e+00           0.0000e+00           0.0000e+00           0.0000e+00           0.0000e+00           0.0000e+00           0.0000e+00           0.0000e+00           0.0000e+00           0.0000e+00 
      0.82           0.0000e+00           0.0000e+00           0.0000e+00           0.0000e+00           0.0000e+00           0.0000e+00           0.0000e+00           0.0000e+00           0.0000e+00           0.0000e+00           0.0000e+00           0.0000e+00 
      0.83           0.0000e+00           0.0000e+00           0.0000e+00           0.0000e+00           0.0000e+00           0.0000e+00           0.0000e+00           0.0000e+00           0.0000e+00           0.0000e+00           0.0000e+00           0.0000e+00 
      0.84           0.0000e+00           0.0000e+00           0.0000e+00           0.0000e+00           0.0000e+00           0.0000e+00           0.0000e+00           0.0000e+00           0.0000e+00           0.0000e+00           0.0000e+00           0.0000e+00 
      0.85           0.0000e+00           0.0000e+00           0.0000e+00           0.0000e+00           0.0000e+00           0.0000e+00           0.0000e+00           0.0000e+00           0.0000e+00           0.0000e+00           0.0000e+00           0.0000e+00 
      0.86           0.0000e+00           0.0000e+00           0.0000e+00           0.0000e+00           0.0000e+00           0.0000e+00           0.0000e+00           0.0000e+00           0.0000e+00           0.0000e+00           0.0000e+00           0.0000e+00 
      0.87           0.0000e+00           0.0000e+00           0.0000e+00           0.0000e+00           0.0000e+00           0.0000e+00           0.0000e+00           0.0000e+00           0.0000e+00           0.0000e+00           0.0000e+00           0.0000e+00 
      0.88           0.0000e+00           0.0000e+00           0.0000e+00           0.0000e+00           0.0000e+00           0.0000e+00           0.0000e+00           0.0000e+00           0.0000e+00           0.0000e+00           0.0000e+00           0.0000e+00 
      0.89           0.0000e+00           0.0000e+00           0.0000e+00           0.0000e+00           0.0000e+00           0.0000e+00           0.0000e+00           0.0000e+00           0.0000e+00           0.0000e+00           0.0000e+00           0.0000e+00 
      0.90           0.0000e+00           0.0000e+00           0.0000e+00           0.0000e+00           0.0000e+00           0.0000e+00           0.0000e+00           0.0000e+00           0.0000e+00           0.0000e+00           0.0000e+00           0.0000e+00 
      0.91           0.0000e+00           0.0000e+00           0.0000e+00           0.0000e+00           0.0000e+00           0.0000e+00           0.0000e+00           0.0000e+00           0.0000e+00           0.0000e+00           0.0000e+00           0.0000e+00 
      0.92           0.0000e+00           0.0000e+00           0.0000e+00           0.0000e+00           0.0000e+00           0.0000e+00           0.0000e+00           0.0000e+00           0.0000e+00           0.0000e+00           0.0000e+00           0.0000e+00 
      0.93           0.0000e+00           0.0000e+00           0.0000e+00           0.0000e+00           0.0000e+00           0.0000e+00           0.0000e+00           0.0000e+00           0.0000e+00           0.0000e+00           0.0000e+00           0.0000e+00 
      0.94           0.0000e+00           0.0000e+00           0.0000e+00           0.0000e+00           0.0000e+00           0.0000e+00           0.0000e+00           0.0000e+00           0.0000e+00           0.0000e+00           0.0000e+00           0.0000e+00 
      0.95           0.0000e+00           0.0000e+00           0.0000e+00           0.0000e+00           0.0000e+00           0.0000e+00           0.0000e+00           0.0000e+00           0.0000e+00           0.0000e+00           0.0000e+00           0.0000e+00 
      0.96           0.0000e+00           0.0000e+00           0.0000e+00           0.0000e+00           0.0000e+00           0.0000e+00           0.0000e+00           0.0000e+00           0.0000e+00           0.0000e+00           0.0000e+00           0.0000e+00 
      0.97           0.0000e+00           0.0000e+00           0.0000e+00           0.0000e+00           0.0000e+00           0.0000e+00           0.0000e+00           0.0000e+00           0.0000e+00           0.0000e+00           0.0000e+00           0.0000e+00 
      0.98           0.0000e+00           0.0000e+00           0.0000e+00           0.0000e+00           0.0000e+00           0.0000e+00           0.0000e+00           0.0000e+00           0.0000e+00           0.0000e+00           0.0000e+00           0.0000e+00 
      0.99           0.0000e+00           0.0000e+00           0.0000e+00           0.0000e+00           0.0000e+00           0.0000e+00           0.0000e+00           0.0000e+00           0.0000e+00           0.0000e+00           0.0000e+00           0.0000e+00 
