         0.0250          0.0250          0.0000               0
         0.0250          0.0750          0.0000               0
         0.0250          0.1250          0.0000               0
         0.0250          0.1750          0.0000               0
         0.0250          0.2250          0.0000               0
         0.0250          0.2750          0.0000               0
         0.0250          0.3250          0.0000               0
         0.0250          0.3750          0.0000               0
         0.0250          0.4250          0.0000               0
         0.0250          0.4750         -6.5300               1
         0.0250          0.5250          0.0000               0
         0.0250          0.5750          0.0000               0
         0.0250          0.6250          0.0000               0
         0.0250          0.6750          0.0000               0
         0.0250          0.7250          0.0000               0
         0.0250          0.7750          0.0000               0
         0.0250          0.8250          0.0000               0
         0.0250          0.8750          0.0000               0
         0.0250          0.9250          0.0000               0
         0.0250          0.9750          0.0000               0
         0.0750          0.0250          0.0000               0
         0.0750          0.0750          0.0000               0
         0.0750          0.1250          0.0000               0
         0.0750          0.1750          0.0000               0
         0.0750          0.2250          0.0000               0
         0.0750          0.2750          0.0000               0
         0.0750          0.3250          0.0000               0
         0.0750          0.3750          0.0000               0
         0.0750          0.4250        -27.7469              10
         0.0750          0.4750        -24.0725               2
         0.0750          0.5250          0.0000               0
         0.0750          0.5750          0.0000               0
         0.0750          0.6250          0.0000               0
         0.0750          0.6750          0.0000               0
         0.0750          0.7250          0.0000               0
         0.0750          0.7750          0.0000               0
         0.0750          0.8250          0.0000               0
         0.0750          0.8750          0.0000               0
         0.0750          0.9250          0.0000               0
         0.0750          0.9750          0.0000               0
         0.1250          0.0250          0.0000               0
         0.1250          0.0750          0.0000               0
         0.1250          0.1250          0.0000               0
         0.1250          0.1750          0.0000               0
         0.1250          0.2250          0.0000               0
         0.1250          0.2750          0.0000               0
         0.1250          0.3250          0.0000               0
         0.1250          0.3750          0.0000               0
         0.1250          0.4250        -26.4788               6
         0.1250          0.4750        -21.7150               5
         0.1250          0.5250          0.0000               0
         0.1250          0.5750          0.0000               0
         0.1250          0.6250          0.0000               0
         0.1250          0.6750          0.0000               0
         0.1250          0.7250          0.0000               0
         0.1250          0.7750          0.0000               0
         0.1250          0.8250          0.0000               0
         0.1250          0.8750          0.0000               0
         0.1250          0.9250          0.0000               0
         0.1250          0.9750          0.0000               0
         0.1750          0.0250          0.0000               0
         0.1750          0.0750          0.0000               0
         0.1750          0.1250          0.0000               0
         0.1750          0.1750          0.0000               0
         0.1750          0.2250          0.0000               0
         0.1750          0.2750          0.0000               0
         0.1750          0.3250          0.0000               0
         0.1750          0.3750          0.0000               0
         0.1750          0.4250        -21.7547              14
         0.1750          0.4750        -18.7750               1
         0.1750          0.5250        -13.0833               1
         0.1750          0.5750          0.0000               0
         0.1750          0.6250          0.0000               0
         0.1750          0.6750          0.0000               0
         0.1750          0.7250          0.0000               0
         0.1750          0.7750          0.0000               0
         0.1750          0.8250          0.0000               0
         0.1750          0.8750          0.0000               0
         0.1750          0.9250          0.0000               0
         0.1750          0.9750          0.0000               0
         0.2250          0.0250          0.0000               0
         0.2250          0.0750          0.0000               0
         0.2250          0.1250          0.0000               0
         0.2250          0.1750          0.0000               0
         0.2250          0.2250          0.0000               0
         0.2250          0.2750          0.0000               0
         0.2250          0.3250          0.0000               0
         0.2250          0.3750        -16.0938               5
         0.2250          0.4250        -18.1498              25
         0.2250          0.4750        -13.6991               6
         0.2250          0.5250         -9.5498               2
         0.2250          0.5750        -11.5362               3
         0.2250          0.6250          0.0000               0
         0.2250          0.6750          0.0000               0
         0.2250          0.7250          0.0000               0
         0.2250          0.7750          0.0000               0
         0.2250          0.8250          0.0000               0
         0.2250          0.8750          0.0000               0
         0.2250          0.9250          0.0000               0
         0.2250          0.9750          0.0000               0
         0.2750          0.0250          0.0000               0
         0.2750          0.0750          0.0000               0
         0.2750          0.1250          0.0000               0
         0.2750          0.1750          0.0000               0
         0.2750          0.2250          0.0000               0
         0.2750          0.2750          0.0000               0
         0.2750          0.3250        -10.8922               5
         0.2750          0.3750        -16.8505              17
         0.2750          0.4250        -12.2986              25
         0.2750          0.4750         -8.3673              15
         0.2750          0.5250         -4.4273               8
         0.2750          0.5750         -8.0265               4
         0.2750          0.6250          0.0000               0
         0.2750          0.6750          0.0000               0
         0.2750          0.7250          0.0000               0
         0.2750          0.7750          0.0000               0
         0.2750          0.8250          0.0000               0
         0.2750          0.8750          0.0000               0
         0.2750          0.9250          0.0000               0
         0.2750          0.9750          0.0000               0
         0.3250          0.0250          0.0000               0
         0.3250          0.0750          0.0000               0
         0.3250          0.1250          0.0000               0
         0.3250          0.1750          0.0000               0
         0.3250          0.2250          0.0000               0
         0.3250          0.2750          0.0000               0
         0.3250          0.3250        -10.8534              12
         0.3250          0.3750         -6.5699              26
         0.3250          0.4250         -6.1936              39
         0.3250          0.4750         -4.1331              43
         0.3250          0.5250         -3.9967              40
         0.3250          0.5750         -2.6518              25
         0.3250          0.6250         -2.8301               1
         0.3250          0.6750          0.0000               0
         0.3250          0.7250          0.0000               0
         0.3250          0.7750          0.0000               0
         0.3250          0.8250          0.0000               0
         0.3250          0.8750          0.0000               0
         0.3250          0.9250          0.0000               0
         0.3250          0.9750          0.0000               0
         0.3750          0.0250          0.0000               0
         0.3750          0.0750          0.0000               0
         0.3750          0.1250          0.0000               0
         0.3750          0.1750          0.0000               0
         0.3750          0.2250         -3.3259               1
         0.3750          0.2750         -2.4982               3
         0.3750          0.3250         -5.0867              28
         0.3750          0.3750         -3.5511              53
         0.3750          0.4250         -2.8480              89
         0.3750          0.4750         -2.7746             130
         0.3750          0.5250         -2.8332             142
         0.3750          0.5750         -2.4958             110
         0.3750          0.6250         -2.4575              31
         0.3750          0.6750         -3.3015               3
         0.3750          0.7250          0.0000               0
         0.3750          0.7750          0.0000               0
         0.3750          0.8250          0.0000               0
         0.3750          0.8750          0.0000               0
         0.3750          0.9250          0.0000               0
         0.3750          0.9750          0.0000               0
         0.4250          0.0250          0.0000               0
         0.4250          0.0750          0.0000               0
         0.4250          0.1250          0.0000               0
         0.4250          0.1750          0.0000               0
         0.4250          0.2250         -2.7344               5
         0.4250          0.2750         -2.8024              19
         0.4250          0.3250         -2.5335              34
         0.4250          0.3750         -2.5179              72
         0.4250          0.4250         -3.0095              92
         0.4250          0.4750         -2.6101              99
         0.4250          0.5250         -2.7302             144
         0.4250          0.5750         -2.6825             150
         0.4250          0.6250         -2.6804             127
         0.4250          0.6750         -2.8531              39
         0.4250          0.7250          0.0000               0
         0.4250          0.7750          0.0000               0
         0.4250          0.8250          0.0000               0
         0.4250          0.8750          0.0000               0
         0.4250          0.9250          0.0000               0
         0.4250          0.9750          0.0000               0
         0.4750          0.0250          0.0000               0
         0.4750          0.0750          0.0000               0
         0.4750          0.1250         -7.7091               1
         0.4750          0.1750          0.0000               0
         0.4750          0.2250         -6.2376               2
         0.4750          0.2750         -3.2773              10
         0.4750          0.3250         -2.6582              12
         0.4750          0.3750         -3.1421              15
         0.4750          0.4250         -2.4904               5
         0.4750          0.4750         -3.3855               1
         0.4750          0.5250         -2.9315              17
         0.4750          0.5750         -2.5658              33
         0.4750          0.6250         -2.8256              65
         0.4750          0.6750         -2.6181              75
         0.4750          0.7250         -2.9476              14
         0.4750          0.7750          0.0000               0
         0.4750          0.8250          0.0000               0
         0.4750          0.8750          0.0000               0
         0.4750          0.9250          0.0000               0
         0.4750          0.9750          0.0000               0
         0.5250          0.0250          0.0000               0
         0.5250          0.0750          0.0000               0
         0.5250          0.1250          0.0000               0
         0.5250          0.1750          0.0000               0
         0.5250          0.2250          0.0000               0
         0.5250          0.2750         -4.2283               1
         0.5250          0.3250          0.0000               0
         0.5250          0.3750         -2.5455               1
         0.5250          0.4250          0.0000               0
         0.5250          0.4750          0.0000               0
         0.5250          0.5250          0.0000               0
         0.5250          0.5750          0.0000               0
         0.5250          0.6250         -2.8181               3
         0.5250          0.6750         -2.5689              13
         0.5250          0.7250         -2.8880              17
         0.5250          0.7750         -2.4962               2
         0.5250          0.8250          0.0000               0
         0.5250          0.8750          0.0000               0
         0.5250          0.9250          0.0000               0
         0.5250          0.9750          0.0000               0
         0.5750          0.0250          0.0000               0
         0.5750          0.0750          0.0000               0
         0.5750          0.1250          0.0000               0
         0.5750          0.1750          0.0000               0
         0.5750          0.2250          0.0000               0
         0.5750          0.2750          0.0000               0
         0.5750          0.3250         -2.7897               1
         0.5750          0.3750          0.0000               0
         0.5750          0.4250          0.0000               0
         0.5750          0.4750          0.0000               0
         0.5750          0.5250          0.0000               0
         0.5750          0.5750          0.0000               0
         0.5750          0.6250          0.0000               0
         0.5750          0.6750          0.0000               0
         0.5750          0.7250          0.0000               0
         0.5750          0.7750          0.0000               0
         0.5750          0.8250          0.0000               0
         0.5750          0.8750          0.0000               0
         0.5750          0.9250          0.0000               0
         0.5750          0.9750          0.0000               0
         0.6250          0.0250          0.0000               0
         0.6250          0.0750          0.0000               0
         0.6250          0.1250          0.0000               0
         0.6250          0.1750          0.0000               0
         0.6250          0.2250          0.0000               0
         0.6250          0.2750          0.0000               0
         0.6250          0.3250          0.0000               0
         0.6250          0.3750          0.0000               0
         0.6250          0.4250          0.0000               0
         0.6250          0.4750          0.0000               0
         0.6250          0.5250          0.0000               0
         0.6250          0.5750          0.0000               0
         0.6250          0.6250          0.0000               0
         0.6250          0.6750          0.0000               0
         0.6250          0.7250          0.0000               0
         0.6250          0.7750          0.0000               0
         0.6250          0.8250          0.0000               0
         0.6250          0.8750          0.0000               0
         0.6250          0.9250          0.0000               0
         0.6250          0.9750          0.0000               0
         0.6750          0.0250          0.0000               0
         0.6750          0.0750          0.0000               0
         0.6750          0.1250          0.0000               0
         0.6750          0.1750          0.0000               0
         0.6750          0.2250          0.0000               0
         0.6750          0.2750          0.0000               0
         0.6750          0.3250          0.0000               0
         0.6750          0.3750          0.0000               0
         0.6750          0.4250          0.0000               0
         0.6750          0.4750          0.0000               0
         0.6750          0.5250          0.0000               0
         0.6750          0.5750          0.0000               0
         0.6750          0.6250          0.0000               0
         0.6750          0.6750          0.0000               0
         0.6750          0.7250          0.0000               0
         0.6750          0.7750          0.0000               0
         0.6750          0.8250          0.0000               0
         0.6750          0.8750          0.0000               0
         0.6750          0.9250          0.0000               0
         0.6750          0.9750          0.0000               0
         0.7250          0.0250          0.0000               0
         0.7250          0.0750          0.0000               0
         0.7250          0.1250          0.0000               0
         0.7250          0.1750          0.0000               0
         0.7250          0.2250          0.0000               0
         0.7250          0.2750          0.0000               0
         0.7250          0.3250          0.0000               0
         0.7250          0.3750          0.0000               0
         0.7250          0.4250          0.0000               0
         0.7250          0.4750          0.0000               0
         0.7250          0.5250          0.0000               0
         0.7250          0.5750          0.0000               0
         0.7250          0.6250          0.0000               0
         0.7250          0.6750          0.0000               0
         0.7250          0.7250          0.0000               0
         0.7250          0.7750          0.0000               0
         0.7250          0.8250          0.0000               0
         0.7250          0.8750          0.0000               0
         0.7250          0.9250          0.0000               0
         0.7250          0.9750          0.0000               0
         0.7750          0.0250          0.0000               0
         0.7750          0.0750          0.0000               0
         0.7750          0.1250          0.0000               0
         0.7750          0.1750          0.0000               0
         0.7750          0.2250          0.0000               0
         0.7750          0.2750          0.0000               0
         0.7750          0.3250          0.0000               0
         0.7750          0.3750          0.0000               0
         0.7750          0.4250          0.0000               0
         0.7750          0.4750          0.0000               0
         0.7750          0.5250          0.0000               0
         0.7750          0.5750          0.0000               0
         0.7750          0.6250          0.0000               0
         0.7750          0.6750          0.0000               0
         0.7750          0.7250          0.0000               0
         0.7750          0.7750          0.0000               0
         0.7750          0.8250          0.0000               0
         0.7750          0.8750          0.0000               0
         0.7750          0.9250          0.0000               0
         0.7750          0.9750          0.0000               0
         0.8250          0.0250          0.0000               0
         0.8250          0.0750          0.0000               0
         0.8250          0.1250          0.0000               0
         0.8250          0.1750          0.0000               0
         0.8250          0.2250          0.0000               0
         0.8250          0.2750          0.0000               0
         0.8250          0.3250          0.0000               0
         0.8250          0.3750          0.0000               0
         0.8250          0.4250          0.0000               0
         0.8250          0.4750          0.0000               0
         0.8250          0.5250          0.0000               0
         0.8250          0.5750          0.0000               0
         0.8250          0.6250          0.0000               0
         0.8250          0.6750          0.0000               0
         0.8250          0.7250          0.0000               0
         0.8250          0.7750          0.0000               0
         0.8250          0.8250          0.0000               0
         0.8250          0.8750          0.0000               0
         0.8250          0.9250          0.0000               0
         0.8250          0.9750          0.0000               0
         0.8750          0.0250          0.0000               0
         0.8750          0.0750          0.0000               0
         0.8750          0.1250          0.0000               0
         0.8750          0.1750          0.0000               0
         0.8750          0.2250          0.0000               0
         0.8750          0.2750          0.0000               0
         0.8750          0.3250          0.0000               0
         0.8750          0.3750          0.0000               0
         0.8750          0.4250          0.0000               0
         0.8750          0.4750          0.0000               0
         0.8750          0.5250          0.0000               0
         0.8750          0.5750          0.0000               0
         0.8750          0.6250          0.0000               0
         0.8750          0.6750          0.0000               0
         0.8750          0.7250          0.0000               0
         0.8750          0.7750          0.0000               0
         0.8750          0.8250          0.0000               0
         0.8750          0.8750          0.0000               0
         0.8750          0.9250          0.0000               0
         0.8750          0.9750          0.0000               0
         0.9250          0.0250          0.0000               0
         0.9250          0.0750          0.0000               0
         0.9250          0.1250          0.0000               0
         0.9250          0.1750          0.0000               0
         0.9250          0.2250          0.0000               0
         0.9250          0.2750          0.0000               0
         0.9250          0.3250          0.0000               0
         0.9250          0.3750          0.0000               0
         0.9250          0.4250          0.0000               0
         0.9250          0.4750          0.0000               0
         0.9250          0.5250          0.0000               0
         0.9250          0.5750          0.0000               0
         0.9250          0.6250          0.0000               0
         0.9250          0.6750          0.0000               0
         0.9250          0.7250          0.0000               0
         0.9250          0.7750          0.0000               0
         0.9250          0.8250          0.0000               0
         0.9250          0.8750          0.0000               0
         0.9250          0.9250          0.0000               0
         0.9250          0.9750          0.0000               0
         0.9750          0.0250          0.0000               0
         0.9750          0.0750          0.0000               0
         0.9750          0.1250          0.0000               0
         0.9750          0.1750          0.0000               0
         0.9750          0.2250          0.0000               0
         0.9750          0.2750          0.0000               0
         0.9750          0.3250          0.0000               0
         0.9750          0.3750          0.0000               0
         0.9750          0.4250          0.0000               0
         0.9750          0.4750          0.0000               0
         0.9750          0.5250          0.0000               0
         0.9750          0.5750          0.0000               0
         0.9750          0.6250          0.0000               0
         0.9750          0.6750          0.0000               0
         0.9750          0.7250          0.0000               0
         0.9750          0.7750          0.0000               0
         0.9750          0.8250          0.0000               0
         0.9750          0.8750          0.0000               0
         0.9750          0.9250          0.0000               0
         0.9750          0.9750          0.0000               0
