         0.0250          0.0250          0.0000               0
         0.0250          0.0750          0.0000               0
         0.0250          0.1250          0.0000               0
         0.0250          0.1750          0.0000               0
         0.0250          0.2250          0.0000               0
         0.0250          0.2750          0.0000               0
         0.0250          0.3250          0.0000               0
         0.0250          0.3750          0.0000               0
         0.0250          0.4250        -30.5938              39
         0.0250          0.4750        -28.7606              27
         0.0250          0.5250          0.0000               0
         0.0250          0.5750          0.0000               0
         0.0250          0.6250          0.0000               0
         0.0250          0.6750          0.0000               0
         0.0250          0.7250          0.0000               0
         0.0250          0.7750          0.0000               0
         0.0250          0.8250          0.0000               0
         0.0250          0.8750          0.0000               0
         0.0250          0.9250          0.0000               0
         0.0250          0.9750          0.0000               0
         0.0750          0.0250          0.0000               0
         0.0750          0.0750          0.0000               0
         0.0750          0.1250          0.0000               0
         0.0750          0.1750          0.0000               0
         0.0750          0.2250          0.0000               0
         0.0750          0.2750          0.0000               0
         0.0750          0.3250          0.0000               0
         0.0750          0.3750          0.0000               0
         0.0750          0.4250        -30.0775             291
         0.0750          0.4750        -27.9493              75
         0.0750          0.5250          0.0000               0
         0.0750          0.5750          0.0000               0
         0.0750          0.6250          0.0000               0
         0.0750          0.6750          0.0000               0
         0.0750          0.7250          0.0000               0
         0.0750          0.7750          0.0000               0
         0.0750          0.8250          0.0000               0
         0.0750          0.8750          0.0000               0
         0.0750          0.9250          0.0000               0
         0.0750          0.9750          0.0000               0
         0.1250          0.0250          0.0000               0
         0.1250          0.0750          0.0000               0
         0.1250          0.1250          0.0000               0
         0.1250          0.1750          0.0000               0
         0.1250          0.2250          0.0000               0
         0.1250          0.2750          0.0000               0
         0.1250          0.3250          0.0000               0
         0.1250          0.3750          0.0000               0
         0.1250          0.4250        -26.8225             113
         0.1250          0.4750        -22.9632              48
         0.1250          0.5250          0.0000               0
         0.1250          0.5750          0.0000               0
         0.1250          0.6250          0.0000               0
         0.1250          0.6750          0.0000               0
         0.1250          0.7250          0.0000               0
         0.1250          0.7750          0.0000               0
         0.1250          0.8250          0.0000               0
         0.1250          0.8750          0.0000               0
         0.1250          0.9250          0.0000               0
         0.1250          0.9750          0.0000               0
         0.1750          0.0250          0.0000               0
         0.1750          0.0750          0.0000               0
         0.1750          0.1250          0.0000               0
         0.1750          0.1750          0.0000               0
         0.1750          0.2250          0.0000               0
         0.1750          0.2750          0.0000               0
         0.1750          0.3250          0.0000               0
         0.1750          0.3750        -25.2444               8
         0.1750          0.4250        -23.8136             182
         0.1750          0.4750        -18.0484              16
         0.1750          0.5250        -11.8458               1
         0.1750          0.5750          0.0000               0
         0.1750          0.6250          0.0000               0
         0.1750          0.6750          0.0000               0
         0.1750          0.7250          0.0000               0
         0.1750          0.7750          0.0000               0
         0.1750          0.8250          0.0000               0
         0.1750          0.8750          0.0000               0
         0.1750          0.9250          0.0000               0
         0.1750          0.9750          0.0000               0
         0.2250          0.0250          0.0000               0
         0.2250          0.0750          0.0000               0
         0.2250          0.1250          0.0000               0
         0.2250          0.1750          0.0000               0
         0.2250          0.2250          0.0000               0
         0.2250          0.2750          0.0000               0
         0.2250          0.3250          0.0000               0
         0.2250          0.3750        -19.1728              31
         0.2250          0.4250        -19.5094             139
         0.2250          0.4750        -13.7605              11
         0.2250          0.5250         -1.5855               1
         0.2250          0.5750          0.0000               0
         0.2250          0.6250          0.0000               0
         0.2250          0.6750          0.0000               0
         0.2250          0.7250          0.0000               0
         0.2250          0.7750          0.0000               0
         0.2250          0.8250          0.0000               0
         0.2250          0.8750          0.0000               0
         0.2250          0.9250          0.0000               0
         0.2250          0.9750          0.0000               0
         0.2750          0.0250          0.0000               0
         0.2750          0.0750          0.0000               0
         0.2750          0.1250          0.0000               0
         0.2750          0.1750          0.0000               0
         0.2750          0.2250          0.0000               0
         0.2750          0.2750          0.0000               0
         0.2750          0.3250        -12.5912               2
         0.2750          0.3750        -18.4387              56
         0.2750          0.4250        -14.3172              55
         0.2750          0.4750         -9.1860              13
         0.2750          0.5250         -2.6559               2
         0.2750          0.5750         -2.8072               2
         0.2750          0.6250         -2.0946               1
         0.2750          0.6750          0.0000               0
         0.2750          0.7250          0.0000               0
         0.2750          0.7750          0.0000               0
         0.2750          0.8250          0.0000               0
         0.2750          0.8750          0.0000               0
         0.2750          0.9250          0.0000               0
         0.2750          0.9750          0.0000               0
         0.3250          0.0250          0.0000               0
         0.3250          0.0750          0.0000               0
         0.3250          0.1250          0.0000               0
         0.3250          0.1750          0.0000               0
         0.3250          0.2250          0.0000               0
         0.3250          0.2750        -10.6845               1
         0.3250          0.3250        -10.0474              10
         0.3250          0.3750        -10.2459              37
         0.3250          0.4250         -6.6330              35
         0.3250          0.4750         -4.6533              20
         0.3250          0.5250         -2.6578              21
         0.3250          0.5750         -2.2245               4
         0.3250          0.6250         -2.6119               1
         0.3250          0.6750          0.0000               0
         0.3250          0.7250          0.0000               0
         0.3250          0.7750          0.0000               0
         0.3250          0.8250          0.0000               0
         0.3250          0.8750          0.0000               0
         0.3250          0.9250          0.0000               0
         0.3250          0.9750          0.0000               0
         0.3750          0.0250          0.0000               0
         0.3750          0.0750          0.0000               0
         0.3750          0.1250          0.0000               0
         0.3750          0.1750          0.0000               0
         0.3750          0.2250          0.0000               0
         0.3750          0.2750        -10.0307               4
         0.3750          0.3250         -8.4117              13
         0.3750          0.3750         -3.3856              33
         0.3750          0.4250         -2.7887              43
         0.3750          0.4750         -2.6040              68
         0.3750          0.5250         -2.7099              60
         0.3750          0.5750         -2.2911              39
         0.3750          0.6250         -2.2342              17
         0.3750          0.6750          0.0000               0
         0.3750          0.7250          0.0000               0
         0.3750          0.7750          0.0000               0
         0.3750          0.8250          0.0000               0
         0.3750          0.8750          0.0000               0
         0.3750          0.9250          0.0000               0
         0.3750          0.9750          0.0000               0
         0.4250          0.0250          0.0000               0
         0.4250          0.0750          0.0000               0
         0.4250          0.1250          0.0000               0
         0.4250          0.1750          0.0000               0
         0.4250          0.2250          0.0000               0
         0.4250          0.2750         -3.2611               1
         0.4250          0.3250         -2.7340              12
         0.4250          0.3750         -2.5223              24
         0.4250          0.4250         -2.9929              40
         0.4250          0.4750         -2.4708              45
         0.4250          0.5250         -2.4917              54
         0.4250          0.5750         -2.5052              72
         0.4250          0.6250         -2.6543              67
         0.4250          0.6750         -3.0653              12
         0.4250          0.7250          0.0000               0
         0.4250          0.7750          0.0000               0
         0.4250          0.8250          0.0000               0
         0.4250          0.8750          0.0000               0
         0.4250          0.9250          0.0000               0
         0.4250          0.9750          0.0000               0
         0.4750          0.0250          0.0000               0
         0.4750          0.0750          0.0000               0
         0.4750          0.1250          0.0000               0
         0.4750          0.1750          0.0000               0
         0.4750          0.2250         -6.1285               1
         0.4750          0.2750         -3.9871               9
         0.4750          0.3250         -2.4338               5
         0.4750          0.3750         -3.0593               2
         0.4750          0.4250          0.0000               0
         0.4750          0.4750         -2.6145               3
         0.4750          0.5250         -3.2510               2
         0.4750          0.5750         -2.6935              29
         0.4750          0.6250         -2.7655              33
         0.4750          0.6750         -2.8137              41
         0.4750          0.7250         -2.9676              10
         0.4750          0.7750          0.0000               0
         0.4750          0.8250          0.0000               0
         0.4750          0.8750          0.0000               0
         0.4750          0.9250          0.0000               0
         0.4750          0.9750          0.0000               0
         0.5250          0.0250          0.0000               0
         0.5250          0.0750          0.0000               0
         0.5250          0.1250          0.0000               0
         0.5250          0.1750          0.0000               0
         0.5250          0.2250          0.0000               0
         0.5250          0.2750         -3.0308               1
         0.5250          0.3250          0.0000               0
         0.5250          0.3750         -2.3487               2
         0.5250          0.4250          0.0000               0
         0.5250          0.4750          0.0000               0
         0.5250          0.5250          0.0000               0
         0.5250          0.5750          0.0000               0
         0.5250          0.6250          0.0000               0
         0.5250          0.6750         -2.4985               9
         0.5250          0.7250         -2.6574               7
         0.5250          0.7750         -2.4165               1
         0.5250          0.8250          0.0000               0
         0.5250          0.8750          0.0000               0
         0.5250          0.9250          0.0000               0
         0.5250          0.9750          0.0000               0
         0.5750          0.0250          0.0000               0
         0.5750          0.0750          0.0000               0
         0.5750          0.1250          0.0000               0
         0.5750          0.1750          0.0000               0
         0.5750          0.2250          0.0000               0
         0.5750          0.2750          0.0000               0
         0.5750          0.3250          0.0000               0
         0.5750          0.3750          0.0000               0
         0.5750          0.4250          0.0000               0
         0.5750          0.4750          0.0000               0
         0.5750          0.5250          0.0000               0
         0.5750          0.5750          0.0000               0
         0.5750          0.6250          0.0000               0
         0.5750          0.6750          0.0000               0
         0.5750          0.7250          0.0000               0
         0.5750          0.7750          0.0000               0
         0.5750          0.8250          0.0000               0
         0.5750          0.8750          0.0000               0
         0.5750          0.9250          0.0000               0
         0.5750          0.9750          0.0000               0
         0.6250          0.0250          0.0000               0
         0.6250          0.0750          0.0000               0
         0.6250          0.1250          0.0000               0
         0.6250          0.1750          0.0000               0
         0.6250          0.2250          0.0000               0
         0.6250          0.2750          0.0000               0
         0.6250          0.3250          0.0000               0
         0.6250          0.3750          0.0000               0
         0.6250          0.4250          0.0000               0
         0.6250          0.4750          0.0000               0
         0.6250          0.5250          0.0000               0
         0.6250          0.5750          0.0000               0
         0.6250          0.6250          0.0000               0
         0.6250          0.6750          0.0000               0
         0.6250          0.7250          0.0000               0
         0.6250          0.7750          0.0000               0
         0.6250          0.8250          0.0000               0
         0.6250          0.8750          0.0000               0
         0.6250          0.9250          0.0000               0
         0.6250          0.9750          0.0000               0
         0.6750          0.0250          0.0000               0
         0.6750          0.0750          0.0000               0
         0.6750          0.1250          0.0000               0
         0.6750          0.1750          0.0000               0
         0.6750          0.2250          0.0000               0
         0.6750          0.2750          0.0000               0
         0.6750          0.3250          0.0000               0
         0.6750          0.3750          0.0000               0
         0.6750          0.4250          0.0000               0
         0.6750          0.4750          0.0000               0
         0.6750          0.5250          0.0000               0
         0.6750          0.5750          0.0000               0
         0.6750          0.6250          0.0000               0
         0.6750          0.6750          0.0000               0
         0.6750          0.7250          0.0000               0
         0.6750          0.7750          0.0000               0
         0.6750          0.8250          0.0000               0
         0.6750          0.8750          0.0000               0
         0.6750          0.9250          0.0000               0
         0.6750          0.9750          0.0000               0
         0.7250          0.0250          0.0000               0
         0.7250          0.0750          0.0000               0
         0.7250          0.1250          0.0000               0
         0.7250          0.1750          0.0000               0
         0.7250          0.2250          0.0000               0
         0.7250          0.2750          0.0000               0
         0.7250          0.3250          0.0000               0
         0.7250          0.3750          0.0000               0
         0.7250          0.4250          0.0000               0
         0.7250          0.4750          0.0000               0
         0.7250          0.5250          0.0000               0
         0.7250          0.5750          0.0000               0
         0.7250          0.6250          0.0000               0
         0.7250          0.6750          0.0000               0
         0.7250          0.7250          0.0000               0
         0.7250          0.7750          0.0000               0
         0.7250          0.8250          0.0000               0
         0.7250          0.8750          0.0000               0
         0.7250          0.9250          0.0000               0
         0.7250          0.9750          0.0000               0
         0.7750          0.0250          0.0000               0
         0.7750          0.0750          0.0000               0
         0.7750          0.1250          0.0000               0
         0.7750          0.1750          0.0000               0
         0.7750          0.2250          0.0000               0
         0.7750          0.2750          0.0000               0
         0.7750          0.3250          0.0000               0
         0.7750          0.3750          0.0000               0
         0.7750          0.4250          0.0000               0
         0.7750          0.4750          0.0000               0
         0.7750          0.5250          0.0000               0
         0.7750          0.5750          0.0000               0
         0.7750          0.6250          0.0000               0
         0.7750          0.6750          0.0000               0
         0.7750          0.7250          0.0000               0
         0.7750          0.7750          0.0000               0
         0.7750          0.8250          0.0000               0
         0.7750          0.8750          0.0000               0
         0.7750          0.9250          0.0000               0
         0.7750          0.9750          0.0000               0
         0.8250          0.0250          0.0000               0
         0.8250          0.0750          0.0000               0
         0.8250          0.1250          0.0000               0
         0.8250          0.1750          0.0000               0
         0.8250          0.2250          0.0000               0
         0.8250          0.2750          0.0000               0
         0.8250          0.3250          0.0000               0
         0.8250          0.3750          0.0000               0
         0.8250          0.4250          0.0000               0
         0.8250          0.4750          0.0000               0
         0.8250          0.5250          0.0000               0
         0.8250          0.5750          0.0000               0
         0.8250          0.6250          0.0000               0
         0.8250          0.6750          0.0000               0
         0.8250          0.7250          0.0000               0
         0.8250          0.7750          0.0000               0
         0.8250          0.8250          0.0000               0
         0.8250          0.8750          0.0000               0
         0.8250          0.9250          0.0000               0
         0.8250          0.9750          0.0000               0
         0.8750          0.0250          0.0000               0
         0.8750          0.0750          0.0000               0
         0.8750          0.1250          0.0000               0
         0.8750          0.1750          0.0000               0
         0.8750          0.2250          0.0000               0
         0.8750          0.2750          0.0000               0
         0.8750          0.3250          0.0000               0
         0.8750          0.3750          0.0000               0
         0.8750          0.4250          0.0000               0
         0.8750          0.4750          0.0000               0
         0.8750          0.5250          0.0000               0
         0.8750          0.5750          0.0000               0
         0.8750          0.6250          0.0000               0
         0.8750          0.6750          0.0000               0
         0.8750          0.7250          0.0000               0
         0.8750          0.7750          0.0000               0
         0.8750          0.8250          0.0000               0
         0.8750          0.8750          0.0000               0
         0.8750          0.9250          0.0000               0
         0.8750          0.9750          0.0000               0
         0.9250          0.0250          0.0000               0
         0.9250          0.0750          0.0000               0
         0.9250          0.1250          0.0000               0
         0.9250          0.1750          0.0000               0
         0.9250          0.2250          0.0000               0
         0.9250          0.2750          0.0000               0
         0.9250          0.3250          0.0000               0
         0.9250          0.3750          0.0000               0
         0.9250          0.4250          0.0000               0
         0.9250          0.4750          0.0000               0
         0.9250          0.5250          0.0000               0
         0.9250          0.5750          0.0000               0
         0.9250          0.6250          0.0000               0
         0.9250          0.6750          0.0000               0
         0.9250          0.7250          0.0000               0
         0.9250          0.7750          0.0000               0
         0.9250          0.8250          0.0000               0
         0.9250          0.8750          0.0000               0
         0.9250          0.9250          0.0000               0
         0.9250          0.9750          0.0000               0
         0.9750          0.0250          0.0000               0
         0.9750          0.0750          0.0000               0
         0.9750          0.1250          0.0000               0
         0.9750          0.1750          0.0000               0
         0.9750          0.2250          0.0000               0
         0.9750          0.2750          0.0000               0
         0.9750          0.3250          0.0000               0
         0.9750          0.3750          0.0000               0
         0.9750          0.4250          0.0000               0
         0.9750          0.4750          0.0000               0
         0.9750          0.5250          0.0000               0
         0.9750          0.5750          0.0000               0
         0.9750          0.6250          0.0000               0
         0.9750          0.6750          0.0000               0
         0.9750          0.7250          0.0000               0
         0.9750          0.7750          0.0000               0
         0.9750          0.8250          0.0000               0
         0.9750          0.8750          0.0000               0
         0.9750          0.9250          0.0000               0
         0.9750          0.9750          0.0000               0
