         0.0250          0.0250          0.0000               0
         0.0250          0.0750          0.0000               0
         0.0250          0.1250          0.0000               0
         0.0250          0.1750          0.0000               0
         0.0250          0.2250          0.0000               0
         0.0250          0.2750          0.0000               0
         0.0250          0.3250          0.0000               0
         0.0250          0.3750          0.0000               0
         0.0250          0.4250        -30.0830             175
         0.0250          0.4750        -29.5991              90
         0.0250          0.5250          0.0000               0
         0.0250          0.5750          0.0000               0
         0.0250          0.6250          0.0000               0
         0.0250          0.6750          0.0000               0
         0.0250          0.7250          0.0000               0
         0.0250          0.7750          0.0000               0
         0.0250          0.8250          0.0000               0
         0.0250          0.8750          0.0000               0
         0.0250          0.9250          0.0000               0
         0.0250          0.9750          0.0000               0
         0.0750          0.0250          0.0000               0
         0.0750          0.0750          0.0000               0
         0.0750          0.1250          0.0000               0
         0.0750          0.1750          0.0000               0
         0.0750          0.2250          0.0000               0
         0.0750          0.2750          0.0000               0
         0.0750          0.3250          0.0000               0
         0.0750          0.3750          0.0000               0
         0.0750          0.4250        -30.1444            1083
         0.0750          0.4750        -28.8420             247
         0.0750          0.5250          0.0000               0
         0.0750          0.5750          0.0000               0
         0.0750          0.6250          0.0000               0
         0.0750          0.6750          0.0000               0
         0.0750          0.7250          0.0000               0
         0.0750          0.7750          0.0000               0
         0.0750          0.8250          0.0000               0
         0.0750          0.8750          0.0000               0
         0.0750          0.9250          0.0000               0
         0.0750          0.9750          0.0000               0
         0.1250          0.0250          0.0000               0
         0.1250          0.0750          0.0000               0
         0.1250          0.1250          0.0000               0
         0.1250          0.1750          0.0000               0
         0.1250          0.2250          0.0000               0
         0.1250          0.2750          0.0000               0
         0.1250          0.3250          0.0000               0
         0.1250          0.3750          0.0000               0
         0.1250          0.4250        -28.7288             233
         0.1250          0.4750        -25.1209              54
         0.1250          0.5250          0.0000               0
         0.1250          0.5750          0.0000               0
         0.1250          0.6250          0.0000               0
         0.1250          0.6750          0.0000               0
         0.1250          0.7250          0.0000               0
         0.1250          0.7750          0.0000               0
         0.1250          0.8250          0.0000               0
         0.1250          0.8750          0.0000               0
         0.1250          0.9250          0.0000               0
         0.1250          0.9750          0.0000               0
         0.1750          0.0250          0.0000               0
         0.1750          0.0750          0.0000               0
         0.1750          0.1250          0.0000               0
         0.1750          0.1750          0.0000               0
         0.1750          0.2250          0.0000               0
         0.1750          0.2750          0.0000               0
         0.1750          0.3250          0.0000               0
         0.1750          0.3750        -26.2439               6
         0.1750          0.4250        -24.9799              84
         0.1750          0.4750        -20.7555               3
         0.1750          0.5250          0.0000               0
         0.1750          0.5750          0.0000               0
         0.1750          0.6250          0.0000               0
         0.1750          0.6750          0.0000               0
         0.1750          0.7250          0.0000               0
         0.1750          0.7750          0.0000               0
         0.1750          0.8250          0.0000               0
         0.1750          0.8750          0.0000               0
         0.1750          0.9250          0.0000               0
         0.1750          0.9750          0.0000               0
         0.2250          0.0250          0.0000               0
         0.2250          0.0750          0.0000               0
         0.2250          0.1250          0.0000               0
         0.2250          0.1750          0.0000               0
         0.2250          0.2250          0.0000               0
         0.2250          0.2750          0.0000               0
         0.2250          0.3250          0.0000               0
         0.2250          0.3750        -24.3355              10
         0.2250          0.4250        -24.5826              14
         0.2250          0.4750        -17.1927               1
         0.2250          0.5250          0.0000               0
         0.2250          0.5750          0.0000               0
         0.2250          0.6250          0.0000               0
         0.2250          0.6750          0.0000               0
         0.2250          0.7250          0.0000               0
         0.2250          0.7750          0.0000               0
         0.2250          0.8250          0.0000               0
         0.2250          0.8750          0.0000               0
         0.2250          0.9250          0.0000               0
         0.2250          0.9750          0.0000               0
         0.2750          0.0250          0.0000               0
         0.2750          0.0750          0.0000               0
         0.2750          0.1250          0.0000               0
         0.2750          0.1750          0.0000               0
         0.2750          0.2250          0.0000               0
         0.2750          0.2750          0.0000               0
         0.2750          0.3250          0.0000               0
         0.2750          0.3750        -24.2216               1
         0.2750          0.4250          0.0000               0
         0.2750          0.4750          0.0000               0
         0.2750          0.5250          0.0000               0
         0.2750          0.5750          0.0000               0
         0.2750          0.6250          0.0000               0
         0.2750          0.6750          0.0000               0
         0.2750          0.7250          0.0000               0
         0.2750          0.7750          0.0000               0
         0.2750          0.8250          0.0000               0
         0.2750          0.8750          0.0000               0
         0.2750          0.9250          0.0000               0
         0.2750          0.9750          0.0000               0
         0.3250          0.0250          0.0000               0
         0.3250          0.0750          0.0000               0
         0.3250          0.1250          0.0000               0
         0.3250          0.1750          0.0000               0
         0.3250          0.2250          0.0000               0
         0.3250          0.2750          0.0000               0
         0.3250          0.3250          0.0000               0
         0.3250          0.3750          0.0000               0
         0.3250          0.4250          0.0000               0
         0.3250          0.4750          0.0000               0
         0.3250          0.5250          0.0000               0
         0.3250          0.5750          0.0000               0
         0.3250          0.6250          0.0000               0
         0.3250          0.6750          0.0000               0
         0.3250          0.7250          0.0000               0
         0.3250          0.7750          0.0000               0
         0.3250          0.8250          0.0000               0
         0.3250          0.8750          0.0000               0
         0.3250          0.9250          0.0000               0
         0.3250          0.9750          0.0000               0
         0.3750          0.0250          0.0000               0
         0.3750          0.0750          0.0000               0
         0.3750          0.1250          0.0000               0
         0.3750          0.1750          0.0000               0
         0.3750          0.2250          0.0000               0
         0.3750          0.2750          0.0000               0
         0.3750          0.3250          0.0000               0
         0.3750          0.3750          0.0000               0
         0.3750          0.4250          0.0000               0
         0.3750          0.4750          0.0000               0
         0.3750          0.5250          0.0000               0
         0.3750          0.5750          0.0000               0
         0.3750          0.6250          0.0000               0
         0.3750          0.6750          0.0000               0
         0.3750          0.7250          0.0000               0
         0.3750          0.7750          0.0000               0
         0.3750          0.8250          0.0000               0
         0.3750          0.8750          0.0000               0
         0.3750          0.9250          0.0000               0
         0.3750          0.9750          0.0000               0
         0.4250          0.0250          0.0000               0
         0.4250          0.0750          0.0000               0
         0.4250          0.1250          0.0000               0
         0.4250          0.1750          0.0000               0
         0.4250          0.2250          0.0000               0
         0.4250          0.2750          0.0000               0
         0.4250          0.3250          0.0000               0
         0.4250          0.3750          0.0000               0
         0.4250          0.4250          0.0000               0
         0.4250          0.4750          0.0000               0
         0.4250          0.5250          0.0000               0
         0.4250          0.5750          0.0000               0
         0.4250          0.6250          0.0000               0
         0.4250          0.6750          0.0000               0
         0.4250          0.7250          0.0000               0
         0.4250          0.7750          0.0000               0
         0.4250          0.8250          0.0000               0
         0.4250          0.8750          0.0000               0
         0.4250          0.9250          0.0000               0
         0.4250          0.9750          0.0000               0
         0.4750          0.0250          0.0000               0
         0.4750          0.0750          0.0000               0
         0.4750          0.1250          0.0000               0
         0.4750          0.1750          0.0000               0
         0.4750          0.2250          0.0000               0
         0.4750          0.2750          0.0000               0
         0.4750          0.3250          0.0000               0
         0.4750          0.3750          0.0000               0
         0.4750          0.4250          0.0000               0
         0.4750          0.4750          0.0000               0
         0.4750          0.5250          0.0000               0
         0.4750          0.5750          0.0000               0
         0.4750          0.6250          0.0000               0
         0.4750          0.6750          0.0000               0
         0.4750          0.7250          0.0000               0
         0.4750          0.7750          0.0000               0
         0.4750          0.8250          0.0000               0
         0.4750          0.8750          0.0000               0
         0.4750          0.9250          0.0000               0
         0.4750          0.9750          0.0000               0
         0.5250          0.0250          0.0000               0
         0.5250          0.0750          0.0000               0
         0.5250          0.1250          0.0000               0
         0.5250          0.1750          0.0000               0
         0.5250          0.2250          0.0000               0
         0.5250          0.2750          0.0000               0
         0.5250          0.3250          0.0000               0
         0.5250          0.3750          0.0000               0
         0.5250          0.4250          0.0000               0
         0.5250          0.4750          0.0000               0
         0.5250          0.5250          0.0000               0
         0.5250          0.5750          0.0000               0
         0.5250          0.6250          0.0000               0
         0.5250          0.6750          0.0000               0
         0.5250          0.7250          0.0000               0
         0.5250          0.7750          0.0000               0
         0.5250          0.8250          0.0000               0
         0.5250          0.8750          0.0000               0
         0.5250          0.9250          0.0000               0
         0.5250          0.9750          0.0000               0
         0.5750          0.0250          0.0000               0
         0.5750          0.0750          0.0000               0
         0.5750          0.1250          0.0000               0
         0.5750          0.1750          0.0000               0
         0.5750          0.2250          0.0000               0
         0.5750          0.2750          0.0000               0
         0.5750          0.3250          0.0000               0
         0.5750          0.3750          0.0000               0
         0.5750          0.4250          0.0000               0
         0.5750          0.4750          0.0000               0
         0.5750          0.5250          0.0000               0
         0.5750          0.5750          0.0000               0
         0.5750          0.6250          0.0000               0
         0.5750          0.6750          0.0000               0
         0.5750          0.7250          0.0000               0
         0.5750          0.7750          0.0000               0
         0.5750          0.8250          0.0000               0
         0.5750          0.8750          0.0000               0
         0.5750          0.9250          0.0000               0
         0.5750          0.9750          0.0000               0
         0.6250          0.0250          0.0000               0
         0.6250          0.0750          0.0000               0
         0.6250          0.1250          0.0000               0
         0.6250          0.1750          0.0000               0
         0.6250          0.2250          0.0000               0
         0.6250          0.2750          0.0000               0
         0.6250          0.3250          0.0000               0
         0.6250          0.3750          0.0000               0
         0.6250          0.4250          0.0000               0
         0.6250          0.4750          0.0000               0
         0.6250          0.5250          0.0000               0
         0.6250          0.5750          0.0000               0
         0.6250          0.6250          0.0000               0
         0.6250          0.6750          0.0000               0
         0.6250          0.7250          0.0000               0
         0.6250          0.7750          0.0000               0
         0.6250          0.8250          0.0000               0
         0.6250          0.8750          0.0000               0
         0.6250          0.9250          0.0000               0
         0.6250          0.9750          0.0000               0
         0.6750          0.0250          0.0000               0
         0.6750          0.0750          0.0000               0
         0.6750          0.1250          0.0000               0
         0.6750          0.1750          0.0000               0
         0.6750          0.2250          0.0000               0
         0.6750          0.2750          0.0000               0
         0.6750          0.3250          0.0000               0
         0.6750          0.3750          0.0000               0
         0.6750          0.4250          0.0000               0
         0.6750          0.4750          0.0000               0
         0.6750          0.5250          0.0000               0
         0.6750          0.5750          0.0000               0
         0.6750          0.6250          0.0000               0
         0.6750          0.6750          0.0000               0
         0.6750          0.7250          0.0000               0
         0.6750          0.7750          0.0000               0
         0.6750          0.8250          0.0000               0
         0.6750          0.8750          0.0000               0
         0.6750          0.9250          0.0000               0
         0.6750          0.9750          0.0000               0
         0.7250          0.0250          0.0000               0
         0.7250          0.0750          0.0000               0
         0.7250          0.1250          0.0000               0
         0.7250          0.1750          0.0000               0
         0.7250          0.2250          0.0000               0
         0.7250          0.2750          0.0000               0
         0.7250          0.3250          0.0000               0
         0.7250          0.3750          0.0000               0
         0.7250          0.4250          0.0000               0
         0.7250          0.4750          0.0000               0
         0.7250          0.5250          0.0000               0
         0.7250          0.5750          0.0000               0
         0.7250          0.6250          0.0000               0
         0.7250          0.6750          0.0000               0
         0.7250          0.7250          0.0000               0
         0.7250          0.7750          0.0000               0
         0.7250          0.8250          0.0000               0
         0.7250          0.8750          0.0000               0
         0.7250          0.9250          0.0000               0
         0.7250          0.9750          0.0000               0
         0.7750          0.0250          0.0000               0
         0.7750          0.0750          0.0000               0
         0.7750          0.1250          0.0000               0
         0.7750          0.1750          0.0000               0
         0.7750          0.2250          0.0000               0
         0.7750          0.2750          0.0000               0
         0.7750          0.3250          0.0000               0
         0.7750          0.3750          0.0000               0
         0.7750          0.4250          0.0000               0
         0.7750          0.4750          0.0000               0
         0.7750          0.5250          0.0000               0
         0.7750          0.5750          0.0000               0
         0.7750          0.6250          0.0000               0
         0.7750          0.6750          0.0000               0
         0.7750          0.7250          0.0000               0
         0.7750          0.7750          0.0000               0
         0.7750          0.8250          0.0000               0
         0.7750          0.8750          0.0000               0
         0.7750          0.9250          0.0000               0
         0.7750          0.9750          0.0000               0
         0.8250          0.0250          0.0000               0
         0.8250          0.0750          0.0000               0
         0.8250          0.1250          0.0000               0
         0.8250          0.1750          0.0000               0
         0.8250          0.2250          0.0000               0
         0.8250          0.2750          0.0000               0
         0.8250          0.3250          0.0000               0
         0.8250          0.3750          0.0000               0
         0.8250          0.4250          0.0000               0
         0.8250          0.4750          0.0000               0
         0.8250          0.5250          0.0000               0
         0.8250          0.5750          0.0000               0
         0.8250          0.6250          0.0000               0
         0.8250          0.6750          0.0000               0
         0.8250          0.7250          0.0000               0
         0.8250          0.7750          0.0000               0
         0.8250          0.8250          0.0000               0
         0.8250          0.8750          0.0000               0
         0.8250          0.9250          0.0000               0
         0.8250          0.9750          0.0000               0
         0.8750          0.0250          0.0000               0
         0.8750          0.0750          0.0000               0
         0.8750          0.1250          0.0000               0
         0.8750          0.1750          0.0000               0
         0.8750          0.2250          0.0000               0
         0.8750          0.2750          0.0000               0
         0.8750          0.3250          0.0000               0
         0.8750          0.3750          0.0000               0
         0.8750          0.4250          0.0000               0
         0.8750          0.4750          0.0000               0
         0.8750          0.5250          0.0000               0
         0.8750          0.5750          0.0000               0
         0.8750          0.6250          0.0000               0
         0.8750          0.6750          0.0000               0
         0.8750          0.7250          0.0000               0
         0.8750          0.7750          0.0000               0
         0.8750          0.8250          0.0000               0
         0.8750          0.8750          0.0000               0
         0.8750          0.9250          0.0000               0
         0.8750          0.9750          0.0000               0
         0.9250          0.0250          0.0000               0
         0.9250          0.0750          0.0000               0
         0.9250          0.1250          0.0000               0
         0.9250          0.1750          0.0000               0
         0.9250          0.2250          0.0000               0
         0.9250          0.2750          0.0000               0
         0.9250          0.3250          0.0000               0
         0.9250          0.3750          0.0000               0
         0.9250          0.4250          0.0000               0
         0.9250          0.4750          0.0000               0
         0.9250          0.5250          0.0000               0
         0.9250          0.5750          0.0000               0
         0.9250          0.6250          0.0000               0
         0.9250          0.6750          0.0000               0
         0.9250          0.7250          0.0000               0
         0.9250          0.7750          0.0000               0
         0.9250          0.8250          0.0000               0
         0.9250          0.8750          0.0000               0
         0.9250          0.9250          0.0000               0
         0.9250          0.9750          0.0000               0
         0.9750          0.0250          0.0000               0
         0.9750          0.0750          0.0000               0
         0.9750          0.1250          0.0000               0
         0.9750          0.1750          0.0000               0
         0.9750          0.2250          0.0000               0
         0.9750          0.2750          0.0000               0
         0.9750          0.3250          0.0000               0
         0.9750          0.3750          0.0000               0
         0.9750          0.4250          0.0000               0
         0.9750          0.4750          0.0000               0
         0.9750          0.5250          0.0000               0
         0.9750          0.5750          0.0000               0
         0.9750          0.6250          0.0000               0
         0.9750          0.6750          0.0000               0
         0.9750          0.7250          0.0000               0
         0.9750          0.7750          0.0000               0
         0.9750          0.8250          0.0000               0
         0.9750          0.8750          0.0000               0
         0.9750          0.9250          0.0000               0
         0.9750          0.9750          0.0000               0
