         0.0250          0.0250          0.0000               0
         0.0250          0.0750          0.0000               0
         0.0250          0.1250          0.0000               0
         0.0250          0.1750          0.0000               0
         0.0250          0.2250          0.0000               0
         0.0250          0.2750          0.0000               0
         0.0250          0.3250          0.0000               0
         0.0250          0.3750          0.0000               0
         0.0250          0.4250        -28.1533               8
         0.0250          0.4750        -23.8154               6
         0.0250          0.5250          0.0000               0
         0.0250          0.5750          0.0000               0
         0.0250          0.6250          0.0000               0
         0.0250          0.6750          0.0000               0
         0.0250          0.7250          0.0000               0
         0.0250          0.7750          0.0000               0
         0.0250          0.8250          0.0000               0
         0.0250          0.8750          0.0000               0
         0.0250          0.9250          0.0000               0
         0.0250          0.9750          0.0000               0
         0.0750          0.0250          0.0000               0
         0.0750          0.0750          0.0000               0
         0.0750          0.1250          0.0000               0
         0.0750          0.1750          0.0000               0
         0.0750          0.2250          0.0000               0
         0.0750          0.2750          0.0000               0
         0.0750          0.3250          0.0000               0
         0.0750          0.3750          0.0000               0
         0.0750          0.4250        -29.2048              47
         0.0750          0.4750        -26.1564              13
         0.0750          0.5250          0.0000               0
         0.0750          0.5750          0.0000               0
         0.0750          0.6250          0.0000               0
         0.0750          0.6750          0.0000               0
         0.0750          0.7250          0.0000               0
         0.0750          0.7750          0.0000               0
         0.0750          0.8250          0.0000               0
         0.0750          0.8750          0.0000               0
         0.0750          0.9250          0.0000               0
         0.0750          0.9750          0.0000               0
         0.1250          0.0250          0.0000               0
         0.1250          0.0750          0.0000               0
         0.1250          0.1250          0.0000               0
         0.1250          0.1750          0.0000               0
         0.1250          0.2250          0.0000               0
         0.1250          0.2750          0.0000               0
         0.1250          0.3250          0.0000               0
         0.1250          0.3750          0.0000               0
         0.1250          0.4250        -25.9640              21
         0.1250          0.4750        -23.9191              14
         0.1250          0.5250          0.0000               0
         0.1250          0.5750          0.0000               0
         0.1250          0.6250          0.0000               0
         0.1250          0.6750          0.0000               0
         0.1250          0.7250          0.0000               0
         0.1250          0.7750          0.0000               0
         0.1250          0.8250          0.0000               0
         0.1250          0.8750          0.0000               0
         0.1250          0.9250          0.0000               0
         0.1250          0.9750          0.0000               0
         0.1750          0.0250          0.0000               0
         0.1750          0.0750          0.0000               0
         0.1750          0.1250          0.0000               0
         0.1750          0.1750          0.0000               0
         0.1750          0.2250          0.0000               0
         0.1750          0.2750          0.0000               0
         0.1750          0.3250          0.0000               0
         0.1750          0.3750          0.0000               0
         0.1750          0.4250        -21.9788              63
         0.1750          0.4750        -14.4598              10
         0.1750          0.5250         -9.6744               3
         0.1750          0.5750          0.0000               0
         0.1750          0.6250          0.0000               0
         0.1750          0.6750          0.0000               0
         0.1750          0.7250          0.0000               0
         0.1750          0.7750          0.0000               0
         0.1750          0.8250          0.0000               0
         0.1750          0.8750          0.0000               0
         0.1750          0.9250          0.0000               0
         0.1750          0.9750          0.0000               0
         0.2250          0.0250          0.0000               0
         0.2250          0.0750          0.0000               0
         0.2250          0.1250          0.0000               0
         0.2250          0.1750          0.0000               0
         0.2250          0.2250          0.0000               0
         0.2250          0.2750          0.0000               0
         0.2250          0.3250          0.0000               0
         0.2250          0.3750        -18.7086              17
         0.2250          0.4250        -17.7681              55
         0.2250          0.4750        -15.7421               7
         0.2250          0.5250         -8.1314               6
         0.2250          0.5750        -10.7886               1
         0.2250          0.6250          0.0000               0
         0.2250          0.6750          0.0000               0
         0.2250          0.7250          0.0000               0
         0.2250          0.7750          0.0000               0
         0.2250          0.8250          0.0000               0
         0.2250          0.8750          0.0000               0
         0.2250          0.9250          0.0000               0
         0.2250          0.9750          0.0000               0
         0.2750          0.0250          0.0000               0
         0.2750          0.0750          0.0000               0
         0.2750          0.1250          0.0000               0
         0.2750          0.1750          0.0000               0
         0.2750          0.2250          0.0000               0
         0.2750          0.2750          0.0000               0
         0.2750          0.3250        -15.8290               1
         0.2750          0.3750        -16.8649              45
         0.2750          0.4250        -13.2068              35
         0.2750          0.4750         -9.1602              15
         0.2750          0.5250         -6.8024              13
         0.2750          0.5750          0.0000               0
         0.2750          0.6250         -2.0946               1
         0.2750          0.6750          0.0000               0
         0.2750          0.7250          0.0000               0
         0.2750          0.7750          0.0000               0
         0.2750          0.8250          0.0000               0
         0.2750          0.8750          0.0000               0
         0.2750          0.9250          0.0000               0
         0.2750          0.9750          0.0000               0
         0.3250          0.0250          0.0000               0
         0.3250          0.0750          0.0000               0
         0.3250          0.1250          0.0000               0
         0.3250          0.1750          0.0000               0
         0.3250          0.2250          0.0000               0
         0.3250          0.2750        -11.5411               2
         0.3250          0.3250         -9.8196              13
         0.3250          0.3750        -10.6218              42
         0.3250          0.4250         -5.7160              46
         0.3250          0.4750         -4.2581              45
         0.3250          0.5250         -3.8239              44
         0.3250          0.5750         -3.2595              22
         0.3250          0.6250         -3.5023               1
         0.3250          0.6750          0.0000               0
         0.3250          0.7250          0.0000               0
         0.3250          0.7750          0.0000               0
         0.3250          0.8250          0.0000               0
         0.3250          0.8750          0.0000               0
         0.3250          0.9250          0.0000               0
         0.3250          0.9750          0.0000               0
         0.3750          0.0250          0.0000               0
         0.3750          0.0750          0.0000               0
         0.3750          0.1250          0.0000               0
         0.3750          0.1750          0.0000               0
         0.3750          0.2250          0.0000               0
         0.3750          0.2750         -5.6756               9
         0.3750          0.3250         -5.9545              26
         0.3750          0.3750         -3.2949              49
         0.3750          0.4250         -2.8494              80
         0.3750          0.4750         -2.8813             110
         0.3750          0.5250         -2.7613              94
         0.3750          0.5750         -2.8147              87
         0.3750          0.6250         -2.7052              34
         0.3750          0.6750         -2.7400               3
         0.3750          0.7250          0.0000               0
         0.3750          0.7750          0.0000               0
         0.3750          0.8250          0.0000               0
         0.3750          0.8750          0.0000               0
         0.3750          0.9250          0.0000               0
         0.3750          0.9750          0.0000               0
         0.4250          0.0250          0.0000               0
         0.4250          0.0750          0.0000               0
         0.4250          0.1250          0.0000               0
         0.4250          0.1750         -2.0424               1
         0.4250          0.2250         -3.2166               5
         0.4250          0.2750         -2.4687               7
         0.4250          0.3250         -2.6900              36
         0.4250          0.3750         -2.9590              68
         0.4250          0.4250         -3.0048              93
         0.4250          0.4750         -2.6856              87
         0.4250          0.5250         -2.7108              99
         0.4250          0.5750         -2.7262             115
         0.4250          0.6250         -2.6233             111
         0.4250          0.6750         -2.6554              31
         0.4250          0.7250         -4.1515               1
         0.4250          0.7750          0.0000               0
         0.4250          0.8250          0.0000               0
         0.4250          0.8750          0.0000               0
         0.4250          0.9250          0.0000               0
         0.4250          0.9750          0.0000               0
         0.4750          0.0250          0.0000               0
         0.4750          0.0750          0.0000               0
         0.4750          0.1250          0.0000               0
         0.4750          0.1750          0.0000               0
         0.4750          0.2250          0.0000               0
         0.4750          0.2750         -3.3118              10
         0.4750          0.3250         -2.9747              12
         0.4750          0.3750         -2.7937               8
         0.4750          0.4250         -3.3923               6
         0.4750          0.4750         -2.4713               7
         0.4750          0.5250         -2.7137              11
         0.4750          0.5750         -2.7774              28
         0.4750          0.6250         -2.6808              51
         0.4750          0.6750         -2.7532              76
         0.4750          0.7250         -2.6407              20
         0.4750          0.7750          0.0000               0
         0.4750          0.8250          0.0000               0
         0.4750          0.8750          0.0000               0
         0.4750          0.9250          0.0000               0
         0.4750          0.9750          0.0000               0
         0.5250          0.0250          0.0000               0
         0.5250          0.0750          0.0000               0
         0.5250          0.1250          0.0000               0
         0.5250          0.1750          0.0000               0
         0.5250          0.2250          0.0000               0
         0.5250          0.2750          0.0000               0
         0.5250          0.3250         -3.0202               3
         0.5250          0.3750          0.0000               0
         0.5250          0.4250          0.0000               0
         0.5250          0.4750          0.0000               0
         0.5250          0.5250          0.0000               0
         0.5250          0.5750          0.0000               0
         0.5250          0.6250         -3.7586               1
         0.5250          0.6750         -2.3598               9
         0.5250          0.7250         -2.7977              13
         0.5250          0.7750         -2.3581               2
         0.5250          0.8250          0.0000               0
         0.5250          0.8750          0.0000               0
         0.5250          0.9250          0.0000               0
         0.5250          0.9750          0.0000               0
         0.5750          0.0250          0.0000               0
         0.5750          0.0750          0.0000               0
         0.5750          0.1250          0.0000               0
         0.5750          0.1750          0.0000               0
         0.5750          0.2250          0.0000               0
         0.5750          0.2750          0.0000               0
         0.5750          0.3250          0.0000               0
         0.5750          0.3750          0.0000               0
         0.5750          0.4250          0.0000               0
         0.5750          0.4750          0.0000               0
         0.5750          0.5250          0.0000               0
         0.5750          0.5750          0.0000               0
         0.5750          0.6250          0.0000               0
         0.5750          0.6750          0.0000               0
         0.5750          0.7250          0.0000               0
         0.5750          0.7750         -1.9222               1
         0.5750          0.8250          0.0000               0
         0.5750          0.8750          0.0000               0
         0.5750          0.9250          0.0000               0
         0.5750          0.9750          0.0000               0
         0.6250          0.0250          0.0000               0
         0.6250          0.0750          0.0000               0
         0.6250          0.1250          0.0000               0
         0.6250          0.1750          0.0000               0
         0.6250          0.2250          0.0000               0
         0.6250          0.2750          0.0000               0
         0.6250          0.3250          0.0000               0
         0.6250          0.3750          0.0000               0
         0.6250          0.4250          0.0000               0
         0.6250          0.4750          0.0000               0
         0.6250          0.5250          0.0000               0
         0.6250          0.5750          0.0000               0
         0.6250          0.6250          0.0000               0
         0.6250          0.6750          0.0000               0
         0.6250          0.7250          0.0000               0
         0.6250          0.7750          0.0000               0
         0.6250          0.8250          0.0000               0
         0.6250          0.8750          0.0000               0
         0.6250          0.9250          0.0000               0
         0.6250          0.9750          0.0000               0
         0.6750          0.0250          0.0000               0
         0.6750          0.0750          0.0000               0
         0.6750          0.1250          0.0000               0
         0.6750          0.1750          0.0000               0
         0.6750          0.2250          0.0000               0
         0.6750          0.2750          0.0000               0
         0.6750          0.3250          0.0000               0
         0.6750          0.3750          0.0000               0
         0.6750          0.4250          0.0000               0
         0.6750          0.4750          0.0000               0
         0.6750          0.5250          0.0000               0
         0.6750          0.5750          0.0000               0
         0.6750          0.6250          0.0000               0
         0.6750          0.6750          0.0000               0
         0.6750          0.7250          0.0000               0
         0.6750          0.7750          0.0000               0
         0.6750          0.8250          0.0000               0
         0.6750          0.8750          0.0000               0
         0.6750          0.9250          0.0000               0
         0.6750          0.9750          0.0000               0
         0.7250          0.0250          0.0000               0
         0.7250          0.0750          0.0000               0
         0.7250          0.1250          0.0000               0
         0.7250          0.1750          0.0000               0
         0.7250          0.2250          0.0000               0
         0.7250          0.2750          0.0000               0
         0.7250          0.3250          0.0000               0
         0.7250          0.3750          0.0000               0
         0.7250          0.4250          0.0000               0
         0.7250          0.4750          0.0000               0
         0.7250          0.5250          0.0000               0
         0.7250          0.5750          0.0000               0
         0.7250          0.6250          0.0000               0
         0.7250          0.6750          0.0000               0
         0.7250          0.7250          0.0000               0
         0.7250          0.7750          0.0000               0
         0.7250          0.8250          0.0000               0
         0.7250          0.8750          0.0000               0
         0.7250          0.9250          0.0000               0
         0.7250          0.9750          0.0000               0
         0.7750          0.0250          0.0000               0
         0.7750          0.0750          0.0000               0
         0.7750          0.1250          0.0000               0
         0.7750          0.1750          0.0000               0
         0.7750          0.2250          0.0000               0
         0.7750          0.2750          0.0000               0
         0.7750          0.3250          0.0000               0
         0.7750          0.3750          0.0000               0
         0.7750          0.4250          0.0000               0
         0.7750          0.4750          0.0000               0
         0.7750          0.5250          0.0000               0
         0.7750          0.5750          0.0000               0
         0.7750          0.6250          0.0000               0
         0.7750          0.6750          0.0000               0
         0.7750          0.7250          0.0000               0
         0.7750          0.7750          0.0000               0
         0.7750          0.8250          0.0000               0
         0.7750          0.8750          0.0000               0
         0.7750          0.9250          0.0000               0
         0.7750          0.9750          0.0000               0
         0.8250          0.0250          0.0000               0
         0.8250          0.0750          0.0000               0
         0.8250          0.1250          0.0000               0
         0.8250          0.1750          0.0000               0
         0.8250          0.2250          0.0000               0
         0.8250          0.2750          0.0000               0
         0.8250          0.3250          0.0000               0
         0.8250          0.3750          0.0000               0
         0.8250          0.4250          0.0000               0
         0.8250          0.4750          0.0000               0
         0.8250          0.5250          0.0000               0
         0.8250          0.5750          0.0000               0
         0.8250          0.6250          0.0000               0
         0.8250          0.6750          0.0000               0
         0.8250          0.7250          0.0000               0
         0.8250          0.7750          0.0000               0
         0.8250          0.8250          0.0000               0
         0.8250          0.8750          0.0000               0
         0.8250          0.9250          0.0000               0
         0.8250          0.9750          0.0000               0
         0.8750          0.0250          0.0000               0
         0.8750          0.0750          0.0000               0
         0.8750          0.1250          0.0000               0
         0.8750          0.1750          0.0000               0
         0.8750          0.2250          0.0000               0
         0.8750          0.2750          0.0000               0
         0.8750          0.3250          0.0000               0
         0.8750          0.3750          0.0000               0
         0.8750          0.4250          0.0000               0
         0.8750          0.4750          0.0000               0
         0.8750          0.5250          0.0000               0
         0.8750          0.5750          0.0000               0
         0.8750          0.6250          0.0000               0
         0.8750          0.6750          0.0000               0
         0.8750          0.7250          0.0000               0
         0.8750          0.7750          0.0000               0
         0.8750          0.8250          0.0000               0
         0.8750          0.8750          0.0000               0
         0.8750          0.9250          0.0000               0
         0.8750          0.9750          0.0000               0
         0.9250          0.0250          0.0000               0
         0.9250          0.0750          0.0000               0
         0.9250          0.1250          0.0000               0
         0.9250          0.1750          0.0000               0
         0.9250          0.2250          0.0000               0
         0.9250          0.2750          0.0000               0
         0.9250          0.3250          0.0000               0
         0.9250          0.3750          0.0000               0
         0.9250          0.4250          0.0000               0
         0.9250          0.4750          0.0000               0
         0.9250          0.5250          0.0000               0
         0.9250          0.5750          0.0000               0
         0.9250          0.6250          0.0000               0
         0.9250          0.6750          0.0000               0
         0.9250          0.7250          0.0000               0
         0.9250          0.7750          0.0000               0
         0.9250          0.8250          0.0000               0
         0.9250          0.8750          0.0000               0
         0.9250          0.9250          0.0000               0
         0.9250          0.9750          0.0000               0
         0.9750          0.0250          0.0000               0
         0.9750          0.0750          0.0000               0
         0.9750          0.1250          0.0000               0
         0.9750          0.1750          0.0000               0
         0.9750          0.2250          0.0000               0
         0.9750          0.2750          0.0000               0
         0.9750          0.3250          0.0000               0
         0.9750          0.3750          0.0000               0
         0.9750          0.4250          0.0000               0
         0.9750          0.4750          0.0000               0
         0.9750          0.5250          0.0000               0
         0.9750          0.5750          0.0000               0
         0.9750          0.6250          0.0000               0
         0.9750          0.6750          0.0000               0
         0.9750          0.7250          0.0000               0
         0.9750          0.7750          0.0000               0
         0.9750          0.8250          0.0000               0
         0.9750          0.8750          0.0000               0
         0.9750          0.9250          0.0000               0
         0.9750          0.9750          0.0000               0
