         0.0250          0.0250          0.0000               0
         0.0250          0.0750          0.0000               0
         0.0250          0.1250          0.0000               0
         0.0250          0.1750          0.0000               0
         0.0250          0.2250          0.0000               0
         0.0250          0.2750          0.0000               0
         0.0250          0.3250          0.0000               0
         0.0250          0.3750          0.0000               0
         0.0250          0.4250        -29.8286              30
         0.0250          0.4750        -28.7951              25
         0.0250          0.5250          0.0000               0
         0.0250          0.5750          0.0000               0
         0.0250          0.6250          0.0000               0
         0.0250          0.6750          0.0000               0
         0.0250          0.7250          0.0000               0
         0.0250          0.7750          0.0000               0
         0.0250          0.8250          0.0000               0
         0.0250          0.8750          0.0000               0
         0.0250          0.9250          0.0000               0
         0.0250          0.9750          0.0000               0
         0.0750          0.0250          0.0000               0
         0.0750          0.0750          0.0000               0
         0.0750          0.1250          0.0000               0
         0.0750          0.1750          0.0000               0
         0.0750          0.2250          0.0000               0
         0.0750          0.2750          0.0000               0
         0.0750          0.3250          0.0000               0
         0.0750          0.3750          0.0000               0
         0.0750          0.4250        -29.7984             223
         0.0750          0.4750        -26.9301              72
         0.0750          0.5250          0.0000               0
         0.0750          0.5750          0.0000               0
         0.0750          0.6250          0.0000               0
         0.0750          0.6750          0.0000               0
         0.0750          0.7250          0.0000               0
         0.0750          0.7750          0.0000               0
         0.0750          0.8250          0.0000               0
         0.0750          0.8750          0.0000               0
         0.0750          0.9250          0.0000               0
         0.0750          0.9750          0.0000               0
         0.1250          0.0250          0.0000               0
         0.1250          0.0750          0.0000               0
         0.1250          0.1250          0.0000               0
         0.1250          0.1750          0.0000               0
         0.1250          0.2250          0.0000               0
         0.1250          0.2750          0.0000               0
         0.1250          0.3250          0.0000               0
         0.1250          0.3750          0.0000               0
         0.1250          0.4250        -25.7926              86
         0.1250          0.4750        -23.0569              41
         0.1250          0.5250          0.0000               0
         0.1250          0.5750          0.0000               0
         0.1250          0.6250          0.0000               0
         0.1250          0.6750          0.0000               0
         0.1250          0.7250          0.0000               0
         0.1250          0.7750          0.0000               0
         0.1250          0.8250          0.0000               0
         0.1250          0.8750          0.0000               0
         0.1250          0.9250          0.0000               0
         0.1250          0.9750          0.0000               0
         0.1750          0.0250          0.0000               0
         0.1750          0.0750          0.0000               0
         0.1750          0.1250          0.0000               0
         0.1750          0.1750          0.0000               0
         0.1750          0.2250          0.0000               0
         0.1750          0.2750          0.0000               0
         0.1750          0.3250          0.0000               0
         0.1750          0.3750        -22.5107               9
         0.1750          0.4250        -23.7887             170
         0.1750          0.4750        -19.7845              17
         0.1750          0.5250          0.0000               0
         0.1750          0.5750        -10.0982               1
         0.1750          0.6250          0.0000               0
         0.1750          0.6750          0.0000               0
         0.1750          0.7250          0.0000               0
         0.1750          0.7750          0.0000               0
         0.1750          0.8250          0.0000               0
         0.1750          0.8750          0.0000               0
         0.1750          0.9250          0.0000               0
         0.1750          0.9750          0.0000               0
         0.2250          0.0250          0.0000               0
         0.2250          0.0750          0.0000               0
         0.2250          0.1250          0.0000               0
         0.2250          0.1750          0.0000               0
         0.2250          0.2250          0.0000               0
         0.2250          0.2750          0.0000               0
         0.2250          0.3250          0.0000               0
         0.2250          0.3750        -22.2313              35
         0.2250          0.4250        -21.5374             132
         0.2250          0.4750        -12.9363              13
         0.2250          0.5250        -10.7471               1
         0.2250          0.5750         -8.6849               1
         0.2250          0.6250          0.0000               0
         0.2250          0.6750          0.0000               0
         0.2250          0.7250          0.0000               0
         0.2250          0.7750          0.0000               0
         0.2250          0.8250          0.0000               0
         0.2250          0.8750          0.0000               0
         0.2250          0.9250          0.0000               0
         0.2250          0.9750          0.0000               0
         0.2750          0.0250          0.0000               0
         0.2750          0.0750          0.0000               0
         0.2750          0.1250          0.0000               0
         0.2750          0.1750          0.0000               0
         0.2750          0.2250          0.0000               0
         0.2750          0.2750          0.0000               0
         0.2750          0.3250         -9.4633               4
         0.2750          0.3750        -18.1910              71
         0.2750          0.4250        -13.2737              39
         0.2750          0.4750        -10.7909              19
         0.2750          0.5250         -9.0038               7
         0.2750          0.5750         -9.9054               2
         0.2750          0.6250         -3.6885               1
         0.2750          0.6750          0.0000               0
         0.2750          0.7250          0.0000               0
         0.2750          0.7750          0.0000               0
         0.2750          0.8250          0.0000               0
         0.2750          0.8750          0.0000               0
         0.2750          0.9250          0.0000               0
         0.2750          0.9750          0.0000               0
         0.3250          0.0250          0.0000               0
         0.3250          0.0750          0.0000               0
         0.3250          0.1250          0.0000               0
         0.3250          0.1750          0.0000               0
         0.3250          0.2250          0.0000               0
         0.3250          0.2750        -11.2270               1
         0.3250          0.3250        -12.1327               9
         0.3250          0.3750        -11.6615              57
         0.3250          0.4250         -6.6362              27
         0.3250          0.4750         -4.0975              28
         0.3250          0.5250         -3.8949              29
         0.3250          0.5750         -3.8162               7
         0.3250          0.6250         -2.0036               2
         0.3250          0.6750          0.0000               0
         0.3250          0.7250          0.0000               0
         0.3250          0.7750          0.0000               0
         0.3250          0.8250          0.0000               0
         0.3250          0.8750          0.0000               0
         0.3250          0.9250          0.0000               0
         0.3250          0.9750          0.0000               0
         0.3750          0.0250          0.0000               0
         0.3750          0.0750          0.0000               0
         0.3750          0.1250          0.0000               0
         0.3750          0.1750          0.0000               0
         0.3750          0.2250          0.0000               0
         0.3750          0.2750         -6.6732               3
         0.3750          0.3250         -8.4627              13
         0.3750          0.3750         -3.1590              26
         0.3750          0.4250         -3.4276              48
         0.3750          0.4750         -3.0991              57
         0.3750          0.5250         -2.8684              64
         0.3750          0.5750         -2.6301              56
         0.3750          0.6250         -2.8437              18
         0.3750          0.6750         -2.5904               1
         0.3750          0.7250          0.0000               0
         0.3750          0.7750          0.0000               0
         0.3750          0.8250          0.0000               0
         0.3750          0.8750          0.0000               0
         0.3750          0.9250          0.0000               0
         0.3750          0.9750          0.0000               0
         0.4250          0.0250          0.0000               0
         0.4250          0.0750          0.0000               0
         0.4250          0.1250          0.0000               0
         0.4250          0.1750         -7.0712               1
         0.4250          0.2250         -8.6065               1
         0.4250          0.2750         -3.4141               7
         0.4250          0.3250         -3.5165              26
         0.4250          0.3750         -2.5350              29
         0.4250          0.4250         -2.4704              41
         0.4250          0.4750         -2.5824              49
         0.4250          0.5250         -2.6726              60
         0.4250          0.5750         -2.5280              89
         0.4250          0.6250         -2.7028              83
         0.4250          0.6750         -2.8026              15
         0.4250          0.7250          0.0000               0
         0.4250          0.7750          0.0000               0
         0.4250          0.8250          0.0000               0
         0.4250          0.8750          0.0000               0
         0.4250          0.9250          0.0000               0
         0.4250          0.9750          0.0000               0
         0.4750          0.0250          0.0000               0
         0.4750          0.0750          0.0000               0
         0.4750          0.1250          0.0000               0
         0.4750          0.1750          0.0000               0
         0.4750          0.2250          0.0000               0
         0.4750          0.2750         -4.3557               3
         0.4750          0.3250         -2.8894               7
         0.4750          0.3750         -3.6452               5
         0.4750          0.4250         -5.8145               4
         0.4750          0.4750         -2.8582               4
         0.4750          0.5250         -3.1139               8
         0.4750          0.5750         -2.5379              14
         0.4750          0.6250         -2.6773              27
         0.4750          0.6750         -2.6457              43
         0.4750          0.7250         -3.0777              11
         0.4750          0.7750          0.0000               0
         0.4750          0.8250          0.0000               0
         0.4750          0.8750          0.0000               0
         0.4750          0.9250          0.0000               0
         0.4750          0.9750          0.0000               0
         0.5250          0.0250          0.0000               0
         0.5250          0.0750          0.0000               0
         0.5250          0.1250          0.0000               0
         0.5250          0.1750          0.0000               0
         0.5250          0.2250         -3.8123               1
         0.5250          0.2750         -2.1238               2
         0.5250          0.3250         -3.8574               1
         0.5250          0.3750         -3.6542               1
         0.5250          0.4250          0.0000               0
         0.5250          0.4750          0.0000               0
         0.5250          0.5250          0.0000               0
         0.5250          0.5750          0.0000               0
         0.5250          0.6250          0.0000               0
         0.5250          0.6750         -3.0422               8
         0.5250          0.7250         -2.4760              13
         0.5250          0.7750         -2.2522               2
         0.5250          0.8250          0.0000               0
         0.5250          0.8750          0.0000               0
         0.5250          0.9250          0.0000               0
         0.5250          0.9750          0.0000               0
         0.5750          0.0250          0.0000               0
         0.5750          0.0750          0.0000               0
         0.5750          0.1250          0.0000               0
         0.5750          0.1750          0.0000               0
         0.5750          0.2250          0.0000               0
         0.5750          0.2750          0.0000               0
         0.5750          0.3250          0.0000               0
         0.5750          0.3750          0.0000               0
         0.5750          0.4250          0.0000               0
         0.5750          0.4750          0.0000               0
         0.5750          0.5250          0.0000               0
         0.5750          0.5750          0.0000               0
         0.5750          0.6250          0.0000               0
         0.5750          0.6750          0.0000               0
         0.5750          0.7250          0.0000               0
         0.5750          0.7750          0.0000               0
         0.5750          0.8250          0.0000               0
         0.5750          0.8750          0.0000               0
         0.5750          0.9250          0.0000               0
         0.5750          0.9750          0.0000               0
         0.6250          0.0250          0.0000               0
         0.6250          0.0750          0.0000               0
         0.6250          0.1250          0.0000               0
         0.6250          0.1750          0.0000               0
         0.6250          0.2250          0.0000               0
         0.6250          0.2750          0.0000               0
         0.6250          0.3250          0.0000               0
         0.6250          0.3750          0.0000               0
         0.6250          0.4250          0.0000               0
         0.6250          0.4750          0.0000               0
         0.6250          0.5250          0.0000               0
         0.6250          0.5750          0.0000               0
         0.6250          0.6250          0.0000               0
         0.6250          0.6750          0.0000               0
         0.6250          0.7250          0.0000               0
         0.6250          0.7750          0.0000               0
         0.6250          0.8250          0.0000               0
         0.6250          0.8750          0.0000               0
         0.6250          0.9250          0.0000               0
         0.6250          0.9750          0.0000               0
         0.6750          0.0250          0.0000               0
         0.6750          0.0750          0.0000               0
         0.6750          0.1250          0.0000               0
         0.6750          0.1750          0.0000               0
         0.6750          0.2250          0.0000               0
         0.6750          0.2750          0.0000               0
         0.6750          0.3250          0.0000               0
         0.6750          0.3750          0.0000               0
         0.6750          0.4250          0.0000               0
         0.6750          0.4750          0.0000               0
         0.6750          0.5250          0.0000               0
         0.6750          0.5750          0.0000               0
         0.6750          0.6250          0.0000               0
         0.6750          0.6750          0.0000               0
         0.6750          0.7250          0.0000               0
         0.6750          0.7750          0.0000               0
         0.6750          0.8250          0.0000               0
         0.6750          0.8750          0.0000               0
         0.6750          0.9250          0.0000               0
         0.6750          0.9750          0.0000               0
         0.7250          0.0250          0.0000               0
         0.7250          0.0750          0.0000               0
         0.7250          0.1250          0.0000               0
         0.7250          0.1750          0.0000               0
         0.7250          0.2250          0.0000               0
         0.7250          0.2750          0.0000               0
         0.7250          0.3250          0.0000               0
         0.7250          0.3750          0.0000               0
         0.7250          0.4250          0.0000               0
         0.7250          0.4750          0.0000               0
         0.7250          0.5250          0.0000               0
         0.7250          0.5750          0.0000               0
         0.7250          0.6250          0.0000               0
         0.7250          0.6750          0.0000               0
         0.7250          0.7250          0.0000               0
         0.7250          0.7750          0.0000               0
         0.7250          0.8250          0.0000               0
         0.7250          0.8750          0.0000               0
         0.7250          0.9250          0.0000               0
         0.7250          0.9750          0.0000               0
         0.7750          0.0250          0.0000               0
         0.7750          0.0750          0.0000               0
         0.7750          0.1250          0.0000               0
         0.7750          0.1750          0.0000               0
         0.7750          0.2250          0.0000               0
         0.7750          0.2750          0.0000               0
         0.7750          0.3250          0.0000               0
         0.7750          0.3750          0.0000               0
         0.7750          0.4250          0.0000               0
         0.7750          0.4750          0.0000               0
         0.7750          0.5250          0.0000               0
         0.7750          0.5750          0.0000               0
         0.7750          0.6250          0.0000               0
         0.7750          0.6750          0.0000               0
         0.7750          0.7250          0.0000               0
         0.7750          0.7750          0.0000               0
         0.7750          0.8250          0.0000               0
         0.7750          0.8750          0.0000               0
         0.7750          0.9250          0.0000               0
         0.7750          0.9750          0.0000               0
         0.8250          0.0250          0.0000               0
         0.8250          0.0750          0.0000               0
         0.8250          0.1250          0.0000               0
         0.8250          0.1750          0.0000               0
         0.8250          0.2250          0.0000               0
         0.8250          0.2750          0.0000               0
         0.8250          0.3250          0.0000               0
         0.8250          0.3750          0.0000               0
         0.8250          0.4250          0.0000               0
         0.8250          0.4750          0.0000               0
         0.8250          0.5250          0.0000               0
         0.8250          0.5750          0.0000               0
         0.8250          0.6250          0.0000               0
         0.8250          0.6750          0.0000               0
         0.8250          0.7250          0.0000               0
         0.8250          0.7750          0.0000               0
         0.8250          0.8250          0.0000               0
         0.8250          0.8750          0.0000               0
         0.8250          0.9250          0.0000               0
         0.8250          0.9750          0.0000               0
         0.8750          0.0250          0.0000               0
         0.8750          0.0750          0.0000               0
         0.8750          0.1250          0.0000               0
         0.8750          0.1750          0.0000               0
         0.8750          0.2250          0.0000               0
         0.8750          0.2750          0.0000               0
         0.8750          0.3250          0.0000               0
         0.8750          0.3750          0.0000               0
         0.8750          0.4250          0.0000               0
         0.8750          0.4750          0.0000               0
         0.8750          0.5250          0.0000               0
         0.8750          0.5750          0.0000               0
         0.8750          0.6250          0.0000               0
         0.8750          0.6750          0.0000               0
         0.8750          0.7250          0.0000               0
         0.8750          0.7750          0.0000               0
         0.8750          0.8250          0.0000               0
         0.8750          0.8750          0.0000               0
         0.8750          0.9250          0.0000               0
         0.8750          0.9750          0.0000               0
         0.9250          0.0250          0.0000               0
         0.9250          0.0750          0.0000               0
         0.9250          0.1250          0.0000               0
         0.9250          0.1750          0.0000               0
         0.9250          0.2250          0.0000               0
         0.9250          0.2750          0.0000               0
         0.9250          0.3250          0.0000               0
         0.9250          0.3750          0.0000               0
         0.9250          0.4250          0.0000               0
         0.9250          0.4750          0.0000               0
         0.9250          0.5250          0.0000               0
         0.9250          0.5750          0.0000               0
         0.9250          0.6250          0.0000               0
         0.9250          0.6750          0.0000               0
         0.9250          0.7250          0.0000               0
         0.9250          0.7750          0.0000               0
         0.9250          0.8250          0.0000               0
         0.9250          0.8750          0.0000               0
         0.9250          0.9250          0.0000               0
         0.9250          0.9750          0.0000               0
         0.9750          0.0250          0.0000               0
         0.9750          0.0750          0.0000               0
         0.9750          0.1250          0.0000               0
         0.9750          0.1750          0.0000               0
         0.9750          0.2250          0.0000               0
         0.9750          0.2750          0.0000               0
         0.9750          0.3250          0.0000               0
         0.9750          0.3750          0.0000               0
         0.9750          0.4250          0.0000               0
         0.9750          0.4750          0.0000               0
         0.9750          0.5250          0.0000               0
         0.9750          0.5750          0.0000               0
         0.9750          0.6250          0.0000               0
         0.9750          0.6750          0.0000               0
         0.9750          0.7250          0.0000               0
         0.9750          0.7750          0.0000               0
         0.9750          0.8250          0.0000               0
         0.9750          0.8750          0.0000               0
         0.9750          0.9250          0.0000               0
         0.9750          0.9750          0.0000               0
