# Probability
#   binNum               236.50 (K)               250.00 (K)               263.50 (K)               277.50 (K)               292.50 (K)               308.00 (K)               324.50 (K)               341.00 (K)               359.00 (K)               377.00 (K)               396.00 (K)               416.00 (K) 
    0.0000           0.0000e+00           0.0000e+00           0.0000e+00           0.0000e+00           0.0000e+00           0.0000e+00           0.0000e+00           0.0000e+00           0.0000e+00           0.0000e+00           0.0000e+00           0.0000e+00 
    0.0100           4.3610e-04           4.2237e-04           4.0149e-04           3.7116e-04           3.2747e-04           2.6684e-04           1.7666e-04           0.0000e+00           0.0000e+00           0.0000e+00           0.0000e+00           0.0000e+00 
    0.0200           1.5548e-02           1.3917e-02           1.2325e-02           1.0665e-02           8.8276e-03           6.7782e-03           4.2388e-03           1.7272e-03           3.8608e-04           0.0000e+00           0.0000e+00           0.0000e+00 
    0.0300           5.2743e-02           4.9123e-02           4.5082e-02           4.0331e-02           3.4475e-02           2.7275e-02           1.7554e-02           7.3405e-03           1.6834e-03           3.2248e-04           0.0000e+00           0.0000e+00 
    0.0400           9.1053e-02           8.5769e-02           7.9520e-02           7.1818e-02           6.1954e-02           4.9436e-02           3.2078e-02           1.3514e-02           3.1218e-03           6.0200e-04           1.1208e-04           0.0000e+00 
    0.0500           1.8544e-01           1.7280e-01           1.5866e-01           1.4199e-01           1.2142e-01           9.6102e-02           6.1871e-02           2.5881e-02           5.9371e-03           1.1377e-03           2.1055e-04           0.0000e+00 
    0.0600           2.1912e-01           2.0710e-01           1.9259e-01           1.7443e-01           1.5089e-01           1.2071e-01           7.8516e-02           3.3150e-02           7.6746e-03           1.4829e-03           2.7661e-04           0.0000e+00 
    0.0700           1.6985e-01           1.6392e-01           1.5532e-01           1.4316e-01           1.2595e-01           1.0236e-01           6.7593e-02           2.8930e-02           6.7884e-03           1.3277e-03           2.5056e-04           0.0000e+00 
    0.0800           1.0831e-01           1.0856e-01           1.0642e-01           1.0124e-01           9.1840e-02           7.6792e-02           5.2116e-02           2.2863e-02           5.4970e-03           1.0991e-03           2.1183e-04           0.0000e+00 
    0.0900           5.4036e-02           5.7807e-02           6.0078e-02           6.0369e-02           5.7727e-02           5.0698e-02           3.6067e-02           1.6511e-02           4.1397e-03           8.5971e-04           1.7183e-04           0.0000e+00 
    0.1000           3.3541e-02           3.6978e-02           3.9483e-02           4.0689e-02           3.9868e-02           3.5817e-02           2.6041e-02           1.2158e-02           3.1080e-03           6.5686e-04           1.3351e-04           0.0000e+00 
    0.1100           2.1148e-02           2.5401e-02           2.9291e-02           3.2433e-02           3.4061e-02           3.2641e-02           2.5248e-02           1.2466e-02           3.3676e-03           7.4816e-04           1.5950e-04           0.0000e+00 
    0.1200           1.4614e-02           1.8582e-02           2.2552e-02           2.6193e-02           2.8806e-02           2.8815e-02           2.3227e-02           1.1903e-02           3.3355e-03           7.6604e-04           1.6858e-04           0.0000e+00 
    0.1300           8.5031e-03           1.1881e-02           1.5692e-02           1.9725e-02           2.3412e-02           2.5144e-02           2.1697e-02           1.1825e-02           3.5212e-03           8.5432e-04           1.9815e-04           0.0000e+00 
    0.1400           4.4561e-03           6.9825e-03           1.0222e-02           1.4145e-02           1.8422e-02           2.1570e-02           2.0222e-02           1.1878e-02           3.8079e-03           9.8768e-04           2.4421e-04           0.0000e+00 
    0.1500           2.4571e-03           4.4426e-03           7.3951e-03           1.1539e-02           1.6873e-02           2.2007e-02           2.2881e-02           1.4756e-02           5.1875e-03           1.4625e-03           3.9164e-04           1.0768e-04 
    0.1600           2.6626e-03           4.8612e-03           8.1627e-03           1.2841e-02           1.8925e-02           2.4864e-02           2.6033e-02           1.6896e-02           5.9771e-03           1.6947e-03           4.5626e-04           1.2609e-04 
    0.1700           3.6246e-03           6.4411e-03           1.0557e-02           1.6235e-02           2.3410e-02           3.0137e-02           3.0944e-02           1.9732e-02           6.8599e-03           1.9146e-03           5.0778e-04           1.3833e-04 
    0.1800           4.5743e-03           8.2323e-03           1.3646e-02           2.1210e-02           3.0899e-02           4.0158e-02           4.1613e-02           2.6755e-02           9.3776e-03           2.6367e-03           7.0423e-04           1.9314e-04 
    0.1900           3.9661e-03           7.3838e-03           1.2618e-02           2.0177e-02           3.0212e-02           4.0281e-02           4.2776e-02           2.8119e-02           1.0073e-02           2.8887e-03           7.8625e-04           2.1956e-04 
    0.2000           2.7217e-03           5.3186e-03           9.4927e-03           1.5809e-02           2.4618e-02           3.4043e-02           3.7440e-02           2.5403e-02           9.3884e-03           2.7694e-03           7.7442e-04           2.2190e-04 
    0.2100           1.0418e-03           2.3901e-03           4.9265e-03           9.3859e-03           1.6642e-02           2.5972e-02           3.2076e-02           2.4167e-02           9.9039e-03           3.2076e-03           9.8086e-04           3.0608e-04 
    0.2200           4.9603e-04           1.2603e-03           2.8469e-03           5.9083e-03           1.1378e-02           1.9176e-02           2.5497e-02           2.0534e-02           8.9864e-03           3.0887e-03           9.9979e-04           3.2938e-04 
    0.2300           1.5645e-04           4.8006e-04           1.2846e-03           3.1232e-03           7.0073e-03           1.3614e-02           2.0749e-02           1.8902e-02           9.3414e-03           3.5838e-03           1.2887e-03           4.6940e-04 
    0.2400           0.0000e+00           2.8849e-04           8.5893e-04           2.3073e-03           5.6996e-03           1.2112e-02           2.0116e-02           1.9805e-02           1.0567e-02           4.3448e-03           1.6695e-03           6.4775e-04 
    0.2500           0.0000e+00           1.2022e-04           4.3085e-04           1.3763e-03           4.0185e-03           9.9777e-03           1.9241e-02           2.1680e-02           1.3213e-02           6.1275e-03           2.6418e-03           1.1440e-03 
    0.2600           0.0000e+00           0.0000e+00           2.8525e-04           9.9822e-04           3.1830e-03           8.5785e-03           1.7897e-02           2.1651e-02           1.4153e-02           6.9929e-03           3.2034e-03           1.4699e-03 
    0.2700           0.0000e+00           0.0000e+00           2.5459e-04           9.1158e-04           2.9718e-03           8.1758e-03           1.7397e-02           2.1425e-02           1.4254e-02           7.1558e-03           3.3283e-03           1.5495e-03 
    0.2800           0.0000e+00           0.0000e+00           1.2995e-04           5.1776e-04           1.8713e-03           5.6670e-03           1.3223e-02           1.7697e-02           1.2781e-02           6.9103e-03           3.4507e-03           1.7191e-03 
    0.2900           0.0000e+00           0.0000e+00           0.0000e+00           2.5835e-04           1.1669e-03           4.3490e-03           1.2384e-02           1.9840e-02           1.7109e-02           1.0861e-02           6.3233e-03           3.6471e-03 
    0.3000           0.0000e+00           0.0000e+00           0.0000e+00           1.3004e-04           6.8339e-04           2.9326e-03           9.5599e-03           1.7307e-02           1.6836e-02           1.1918e-02           7.7014e-03           4.9066e-03 
    0.3100           0.0000e+00           0.0000e+00           0.0000e+00           0.0000e+00           3.0332e-04           1.7069e-03           7.2170e-03           1.6525e-02           2.0265e-02           1.7689e-02           1.3969e-02           1.0775e-02 
    0.3200           0.0000e+00           0.0000e+00           0.0000e+00           0.0000e+00           2.0444e-04           1.3152e-03           6.3234e-03           1.6260e-02           2.2357e-02           2.1643e-02           1.8870e-02           1.5998e-02 
    0.3300           0.0000e+00           0.0000e+00           0.0000e+00           0.0000e+00           1.4927e-04           1.0378e-03           5.3754e-03           1.4784e-02           2.1723e-02           2.2328e-02           2.0618e-02           1.8465e-02 
    0.3400           0.0000e+00           0.0000e+00           0.0000e+00           0.0000e+00           1.4635e-04           1.1046e-03           6.1909e-03           1.8284e-02           2.8819e-02           3.1566e-02           3.0975e-02           2.9396e-02 
    0.3500           0.0000e+00           0.0000e+00           0.0000e+00           0.0000e+00           1.0861e-04           8.9691e-04           5.4799e-03           1.7496e-02           2.9781e-02           3.4968e-02           3.6674e-02           3.7085e-02 
    0.3600           0.0000e+00           0.0000e+00           0.0000e+00           0.0000e+00           1.5493e-04           1.2760e-03           7.7760e-03           2.4770e-02           4.2064e-02           4.9287e-02           5.1589e-02           5.2068e-02 
    0.3700           0.0000e+00           0.0000e+00           0.0000e+00           0.0000e+00           1.6854e-04           1.4337e-03           9.0118e-03           2.9521e-02           5.1536e-02           6.1912e-02           6.6370e-02           6.8530e-02 
    0.3800           0.0000e+00           0.0000e+00           0.0000e+00           0.0000e+00           1.8497e-04           1.5744e-03           9.9019e-03           3.2454e-02           5.6685e-02           6.8131e-02           7.3070e-02           7.5480e-02 
    0.3900           0.0000e+00           0.0000e+00           0.0000e+00           0.0000e+00           1.9505e-04           1.6722e-03           1.0590e-02           3.4927e-02           6.1380e-02           7.4184e-02           7.9987e-02           8.3046e-02 
    0.4000           0.0000e+00           0.0000e+00           0.0000e+00           0.0000e+00           2.2328e-04           1.9142e-03           1.2122e-02           3.9977e-02           7.0252e-02           8.4905e-02           9.1543e-02           9.5041e-02 
    0.4100           0.0000e+00           0.0000e+00           0.0000e+00           0.0000e+00           2.1956e-04           1.8823e-03           1.1921e-02           3.9316e-02           6.9096e-02           8.3511e-02           9.0044e-02           9.3489e-02 
    0.4200           0.0000e+00           0.0000e+00           0.0000e+00           0.0000e+00           2.1002e-04           1.8083e-03           1.1500e-02           3.8069e-02           6.7150e-02           8.1431e-02           8.8082e-02           9.1730e-02 
    0.4300           0.0000e+00           0.0000e+00           0.0000e+00           0.0000e+00           1.7502e-04           1.4968e-03           9.4569e-03           3.1123e-02           5.4581e-02           6.5842e-02           7.0863e-02           7.3445e-02 
    0.4400           0.0000e+00           0.0000e+00           0.0000e+00           0.0000e+00           1.6381e-04           1.4005e-03           8.8465e-03           2.9108e-02           5.1036e-02           6.1554e-02           6.6236e-02           6.8638e-02 
    0.4500           0.0000e+00           0.0000e+00           0.0000e+00           0.0000e+00           1.2810e-04           1.0948e-03           6.9122e-03           2.2735e-02           3.9848e-02           4.8045e-02           5.1683e-02           5.3541e-02 
    0.4600           0.0000e+00           0.0000e+00           0.0000e+00           0.0000e+00           0.0000e+00           7.3549e-04           4.6062e-03           1.5039e-02           2.6168e-02           3.1345e-02           3.3507e-02           3.4504e-02 
    0.4700           0.0000e+00           0.0000e+00           0.0000e+00           0.0000e+00           0.0000e+00           5.1514e-04           3.2240e-03           1.0520e-02           1.8293e-02           2.1900e-02           2.3398e-02           2.4083e-02 
    0.4800           0.0000e+00           0.0000e+00           0.0000e+00           0.0000e+00           0.0000e+00           4.3752e-04           2.7498e-03           9.0067e-03           1.5721e-02           1.8885e-02           2.0243e-02           2.0900e-02 
    0.4900           0.0000e+00           0.0000e+00           0.0000e+00           0.0000e+00           0.0000e+00           3.2142e-04           2.0272e-03           6.6613e-03           1.1664e-02           1.4051e-02           1.5102e-02           1.5632e-02 
    0.5000           0.0000e+00           0.0000e+00           0.0000e+00           0.0000e+00           0.0000e+00           1.8006e-04           1.1382e-03           3.7475e-03           6.5751e-03           7.9348e-03           8.5433e-03           8.8579e-03 
    0.5100           0.0000e+00           0.0000e+00           0.0000e+00           0.0000e+00           0.0000e+00           1.1805e-04           7.3124e-04           2.3639e-03           4.0733e-03           4.8360e-03           5.1260e-03           5.2361e-03 
    0.5200           0.0000e+00           0.0000e+00           0.0000e+00           0.0000e+00           0.0000e+00           0.0000e+00           3.4328e-04           1.1416e-03           2.0226e-03           2.4627e-03           2.6741e-03           2.7952e-03 
    0.5300           0.0000e+00           0.0000e+00           0.0000e+00           0.0000e+00           0.0000e+00           0.0000e+00           1.5970e-04           5.3594e-04           9.5813e-04           1.1761e-03           1.2870e-03           1.3553e-03 
    0.5400           0.0000e+00           0.0000e+00           0.0000e+00           0.0000e+00           0.0000e+00           0.0000e+00           0.0000e+00           2.6773e-04           4.9900e-04           6.3605e-04           7.2161e-04           7.8648e-04 
    0.5500           0.0000e+00           0.0000e+00           0.0000e+00           0.0000e+00           0.0000e+00           0.0000e+00           0.0000e+00           0.0000e+00           1.6920e-04           2.1274e-04           2.3823e-04           2.5643e-04 
    0.5600           0.0000e+00           0.0000e+00           0.0000e+00           0.0000e+00           0.0000e+00           0.0000e+00           0.0000e+00           0.0000e+00           1.6862e-04           2.1260e-04           2.3870e-04           2.5759e-04 
    0.5700           0.0000e+00           0.0000e+00           0.0000e+00           0.0000e+00           0.0000e+00           0.0000e+00           0.0000e+00           0.0000e+00           0.0000e+00           0.0000e+00           0.0000e+00           0.0000e+00 
    0.5800           0.0000e+00           0.0000e+00           0.0000e+00           0.0000e+00           0.0000e+00           0.0000e+00           0.0000e+00           0.0000e+00           0.0000e+00           0.0000e+00           0.0000e+00           0.0000e+00 
    0.5900           0.0000e+00           0.0000e+00           0.0000e+00           0.0000e+00           0.0000e+00           0.0000e+00           0.0000e+00           0.0000e+00           0.0000e+00           0.0000e+00           0.0000e+00           0.0000e+00 
    0.6000           0.0000e+00           0.0000e+00           0.0000e+00           0.0000e+00           0.0000e+00           0.0000e+00           0.0000e+00           0.0000e+00           0.0000e+00           0.0000e+00           0.0000e+00           0.0000e+00 
    0.6100           0.0000e+00           0.0000e+00           0.0000e+00           0.0000e+00           0.0000e+00           0.0000e+00           0.0000e+00           0.0000e+00           0.0000e+00           0.0000e+00           0.0000e+00           0.0000e+00 
    0.6200           0.0000e+00           0.0000e+00           0.0000e+00           0.0000e+00           0.0000e+00           0.0000e+00           0.0000e+00           0.0000e+00           0.0000e+00           0.0000e+00           0.0000e+00           0.0000e+00 
    0.6300           0.0000e+00           0.0000e+00           0.0000e+00           0.0000e+00           0.0000e+00           0.0000e+00           0.0000e+00           0.0000e+00           0.0000e+00           0.0000e+00           0.0000e+00           0.0000e+00 
    0.6400           0.0000e+00           0.0000e+00           0.0000e+00           0.0000e+00           0.0000e+00           0.0000e+00           0.0000e+00           0.0000e+00           0.0000e+00           0.0000e+00           0.0000e+00           0.0000e+00 
    0.6500           0.0000e+00           0.0000e+00           0.0000e+00           0.0000e+00           0.0000e+00           0.0000e+00           0.0000e+00           0.0000e+00           0.0000e+00           0.0000e+00           0.0000e+00           0.0000e+00 
    0.6600           0.0000e+00           0.0000e+00           0.0000e+00           0.0000e+00           0.0000e+00           0.0000e+00           0.0000e+00           0.0000e+00           0.0000e+00           0.0000e+00           0.0000e+00           0.0000e+00 
    0.6700           0.0000e+00           0.0000e+00           0.0000e+00           0.0000e+00           0.0000e+00           0.0000e+00           0.0000e+00           0.0000e+00           0.0000e+00           0.0000e+00           0.0000e+00           0.0000e+00 
    0.6800           0.0000e+00           0.0000e+00           0.0000e+00           0.0000e+00           0.0000e+00           0.0000e+00           0.0000e+00           0.0000e+00           0.0000e+00           0.0000e+00           0.0000e+00           0.0000e+00 
    0.6900           0.0000e+00           0.0000e+00           0.0000e+00           0.0000e+00           0.0000e+00           0.0000e+00           0.0000e+00           0.0000e+00           0.0000e+00           0.0000e+00           0.0000e+00           0.0000e+00 
    0.7000           0.0000e+00           0.0000e+00           0.0000e+00           0.0000e+00           0.0000e+00           0.0000e+00           0.0000e+00           0.0000e+00           0.0000e+00           0.0000e+00           0.0000e+00           0.0000e+00 
    0.7100           0.0000e+00           0.0000e+00           0.0000e+00           0.0000e+00           0.0000e+00           0.0000e+00           0.0000e+00           0.0000e+00           0.0000e+00           0.0000e+00           0.0000e+00           0.0000e+00 
    0.7200           0.0000e+00           0.0000e+00           0.0000e+00           0.0000e+00           0.0000e+00           0.0000e+00           0.0000e+00           0.0000e+00           0.0000e+00           0.0000e+00           0.0000e+00           0.0000e+00 
    0.7300           0.0000e+00           0.0000e+00           0.0000e+00           0.0000e+00           0.0000e+00           0.0000e+00           0.0000e+00           0.0000e+00           0.0000e+00           0.0000e+00           0.0000e+00           0.0000e+00 
    0.7400           0.0000e+00           0.0000e+00           0.0000e+00           0.0000e+00           0.0000e+00           0.0000e+00           0.0000e+00           0.0000e+00           0.0000e+00           0.0000e+00           0.0000e+00           0.0000e+00 
    0.7500           0.0000e+00           0.0000e+00           0.0000e+00           0.0000e+00           0.0000e+00           0.0000e+00           0.0000e+00           0.0000e+00           0.0000e+00           0.0000e+00           0.0000e+00           0.0000e+00 
    0.7600           0.0000e+00           0.0000e+00           0.0000e+00           0.0000e+00           0.0000e+00           0.0000e+00           0.0000e+00           0.0000e+00           0.0000e+00           0.0000e+00           0.0000e+00           0.0000e+00 
    0.7700           0.0000e+00           0.0000e+00           0.0000e+00           0.0000e+00           0.0000e+00           0.0000e+00           0.0000e+00           0.0000e+00           0.0000e+00           0.0000e+00           0.0000e+00           0.0000e+00 
    0.7800           0.0000e+00           0.0000e+00           0.0000e+00           0.0000e+00           0.0000e+00           0.0000e+00           0.0000e+00           0.0000e+00           0.0000e+00           0.0000e+00           0.0000e+00           0.0000e+00 
    0.7900           0.0000e+00           0.0000e+00           0.0000e+00           0.0000e+00           0.0000e+00           0.0000e+00           0.0000e+00           0.0000e+00           0.0000e+00           0.0000e+00           0.0000e+00           0.0000e+00 
    0.8000           0.0000e+00           0.0000e+00           0.0000e+00           0.0000e+00           0.0000e+00           0.0000e+00           0.0000e+00           0.0000e+00           0.0000e+00           0.0000e+00           0.0000e+00           0.0000e+00 
    0.8100           0.0000e+00           0.0000e+00           0.0000e+00           0.0000e+00           0.0000e+00           0.0000e+00           0.0000e+00           0.0000e+00           0.0000e+00           0.0000e+00           0.0000e+00           0.0000e+00 
    0.8200           0.0000e+00           0.0000e+00           0.0000e+00           0.0000e+00           0.0000e+00           0.0000e+00           0.0000e+00           0.0000e+00           0.0000e+00           0.0000e+00           0.0000e+00           0.0000e+00 
    0.8300           0.0000e+00           0.0000e+00           0.0000e+00           0.0000e+00           0.0000e+00           0.0000e+00           0.0000e+00           0.0000e+00           0.0000e+00           0.0000e+00           0.0000e+00           0.0000e+00 
    0.8400           0.0000e+00           0.0000e+00           0.0000e+00           0.0000e+00           0.0000e+00           0.0000e+00           0.0000e+00           0.0000e+00           0.0000e+00           0.0000e+00           0.0000e+00           0.0000e+00 
    0.8500           0.0000e+00           0.0000e+00           0.0000e+00           0.0000e+00           0.0000e+00           0.0000e+00           0.0000e+00           0.0000e+00           0.0000e+00           0.0000e+00           0.0000e+00           0.0000e+00 
    0.8600           0.0000e+00           0.0000e+00           0.0000e+00           0.0000e+00           0.0000e+00           0.0000e+00           0.0000e+00           0.0000e+00           0.0000e+00           0.0000e+00           0.0000e+00           0.0000e+00 
    0.8700           0.0000e+00           0.0000e+00           0.0000e+00           0.0000e+00           0.0000e+00           0.0000e+00           0.0000e+00           0.0000e+00           0.0000e+00           0.0000e+00           0.0000e+00           0.0000e+00 
    0.8800           0.0000e+00           0.0000e+00           0.0000e+00           0.0000e+00           0.0000e+00           0.0000e+00           0.0000e+00           0.0000e+00           0.0000e+00           0.0000e+00           0.0000e+00           0.0000e+00 
    0.8900           0.0000e+00           0.0000e+00           0.0000e+00           0.0000e+00           0.0000e+00           0.0000e+00           0.0000e+00           0.0000e+00           0.0000e+00           0.0000e+00           0.0000e+00           0.0000e+00 
    0.9000           0.0000e+00           0.0000e+00           0.0000e+00           0.0000e+00           0.0000e+00           0.0000e+00           0.0000e+00           0.0000e+00           0.0000e+00           0.0000e+00           0.0000e+00           0.0000e+00 
    0.9100           0.0000e+00           0.0000e+00           0.0000e+00           0.0000e+00           0.0000e+00           0.0000e+00           0.0000e+00           0.0000e+00           0.0000e+00           0.0000e+00           0.0000e+00           0.0000e+00 
    0.9200           0.0000e+00           0.0000e+00           0.0000e+00           0.0000e+00           0.0000e+00           0.0000e+00           0.0000e+00           0.0000e+00           0.0000e+00           0.0000e+00           0.0000e+00           0.0000e+00 
    0.9300           0.0000e+00           0.0000e+00           0.0000e+00           0.0000e+00           0.0000e+00           0.0000e+00           0.0000e+00           0.0000e+00           0.0000e+00           0.0000e+00           0.0000e+00           0.0000e+00 
    0.9400           0.0000e+00           0.0000e+00           0.0000e+00           0.0000e+00           0.0000e+00           0.0000e+00           0.0000e+00           0.0000e+00           0.0000e+00           0.0000e+00           0.0000e+00           0.0000e+00 
    0.9500           0.0000e+00           0.0000e+00           0.0000e+00           0.0000e+00           0.0000e+00           0.0000e+00           0.0000e+00           0.0000e+00           0.0000e+00           0.0000e+00           0.0000e+00           0.0000e+00 
    0.9600           0.0000e+00           0.0000e+00           0.0000e+00           0.0000e+00           0.0000e+00           0.0000e+00           0.0000e+00           0.0000e+00           0.0000e+00           0.0000e+00           0.0000e+00           0.0000e+00 
    0.9700           0.0000e+00           0.0000e+00           0.0000e+00           0.0000e+00           0.0000e+00           0.0000e+00           0.0000e+00           0.0000e+00           0.0000e+00           0.0000e+00           0.0000e+00           0.0000e+00 
    0.9800           0.0000e+00           0.0000e+00           0.0000e+00           0.0000e+00           0.0000e+00           0.0000e+00           0.0000e+00           0.0000e+00           0.0000e+00           0.0000e+00           0.0000e+00           0.0000e+00 
    0.9900           0.0000e+00           0.0000e+00           0.0000e+00           0.0000e+00           0.0000e+00           0.0000e+00           0.0000e+00           0.0000e+00           0.0000e+00           0.0000e+00           0.0000e+00           0.0000e+00 
